Unnamed: 0.5,Unnamed: 0.4,Unnamed: 0.3,Unnamed: 0.2,Unnamed: 0.1,Unnamed: 0,Exam Group,Exam Block,slot,exam,size,b2bs,confs,2i3s,score,score_norm
256,256,256,256,256,256,1-3037,18,13,1-3037,467,70,3,64,3079.5499086380005,6.594325286162742
364,364,364,364,364,364,MLG02,18,13,MLG02,755,68,3,294,3111.8698928058147,4.1216819772262445
353,353,353,353,353,353,1-8681,11,10,1-8681,260,28,1,101,1043.0709495693445,4.011811344497479
158,158,158,158,158,158,MLG12,11,10,MLG12,569,25,1,77,1036.4897338300943,1.8215988292268794
142,142,142,142,142,142,MLG17,14,15,MLG17,76,35,0,12,36.79060786962509,0.48408694565296173
108,108,108,108,108,108,1-0917,3,11,1-0917,134,60,0,22,63.28278109431267,0.4722595604053184
359,359,359,359,359,359,1-6166,4,19,1-6166,117,43,0,40,48.968692898750305,0.4185358367414556
358,358,358,358,358,358,MLG18,20,16,MLG18,72,27,0,15,29.238259837031364,0.4060869421809912
484,484,484,484,484,484,MLG35,3,11,MLG35,44,11,0,20,13.984346449375153,0.3178260556676171
28,28,28,28,28,28,1-7081,20,16,1-7081,99,30,0,9,31.34295590221882,0.3165955141638265
413,413,413,413,413,413,1-1763,10,7,1-1763,35,10,0,3,10.447651967406273,0.29850434192589353
458,458,458,458,458,458,1-9063,8,11,1-9063,35,10,0,3,10.447651967406273,0.29850434192589353
83,83,83,83,83,83,1-1152,3,11,1-1152,112,24,0,48,31.162431478500366,0.27823599534375326
372,372,372,372,372,372,1-6511,8,9,1-6511,144,38,0,12,39.79060786962509,0.27632366576128536
416,416,416,416,416,416,1-3246,10,7,1-3246,116,31,0,6,31.895303934812546,0.2749595166794185
389,389,389,389,389,389,1-0598,17,1,1-0598,122,33,0,0,33.0,0.27049180327868855
257,257,257,257,257,257,MLG06,10,7,MLG06,634,135,0,243,171.2598093599081,0.2701258822711484
430,430,430,430,430,430,1-8718,5,14,1-8718,333,79,0,71,89.59442989528179,0.26905234202787326
453,453,453,453,453,453,MLG45,7,17,MLG45,179,37,0,71,47.59442989528179,0.26589066980604353
388,388,388,388,388,388,1-8019,21,8,1-8019,320,74,0,74,85.04208186268806,0.2657565058209002
399,399,399,399,399,399,1-8087,3,11,1-8087,58,14,0,9,15.342955902218819,0.2645337224520486
61,61,61,61,61,61,1-7306,8,9,1-7306,159,38,0,24,41.58121573925018,0.26151708012107033
316,316,316,316,316,316,1-4776,5,14,1-4776,33,8,0,4,8.59686928987503,0.2605111906022737
150,150,150,150,150,150,P1-0004,3,11,P1-0004,60,15,0,2,15.298434644937515,0.2549739107489586
317,317,317,317,317,317,1-3733,8,1,1-3733,16,4,0,0,4.0,0.25
374,374,374,374,374,374,MLG74,18,13,MLG74,177,37,0,40,42.968692898750305,0.24276097682909778
270,270,270,270,270,270,1-5655,15,12,1-5655,31,6,0,9,7.342955902218819,0.23686954523286513
130,130,130,130,130,130,MLG32,3,11,MLG32,79,14,0,30,18.47651967406273,0.23387999587421177
6,6,6,6,6,6,MLG58,3,7,MLG58,66,15,0,2,15.298434644937515,0.23179446431723508
321,321,321,321,321,321,MLG30,3,11,MLG30,66,14,0,8,15.193738579750061,0.23020816029924335
468,468,468,468,468,468,1-11523,14,15,1-11523,24,4,0,10,5.492173224687576,0.228840551028649
394,394,394,394,394,394,1-8808,11,10,1-8808,52,8,0,26,11.879650384187698,0.22845481508053267
391,391,391,391,391,391,1-8165,14,15,1-8165,420,57,0,252,94.60276526212692,0.22524467919554028
41,41,41,41,41,41,MLG24,3,1,MLG24,49,11,0,0,11.0,0.22448979591836735
398,398,398,398,398,398,MLG65,20,16,MLG65,155,30,0,26,33.8796503841877,0.2185783895754045
345,345,345,345,345,345,1-2364,15,12,1-2364,88,15,0,26,18.8796503841877,0.21454148163849657
208,208,208,208,208,208,1-20077,17,1,1-20077,28,6,0,0,6.0,0.21428571428571427
491,491,491,491,491,491,MLG51,10,7,MLG51,99,21,0,1,21.149217322468758,0.21362845780271472
131,131,131,131,131,131,MLG13,8,9,MLG13,225,37,0,73,47.89286454021931,0.21285717573430804
335,335,335,335,335,335,1-9276,21,8,1-9276,77,16,0,2,16.298434644937515,0.21166798240178591
157,157,157,157,157,157,1-2318,15,12,1-2318,13,2,0,5,2.746086612343788,0.21123743171875292
47,47,47,47,47,47,MLG15,12,18,MLG15,559,112,0,26,115.8796503841877,0.2072981223330728
159,159,159,159,159,159,MLG36,20,16,MLG36,136,24,0,27,28.028867706656456,0.206094615490121
555,555,555,555,555,555,1-20068,14,15,1-20068,45,7,0,15,9.238259837031364,0.20529466304514143
482,482,482,482,482,482,1-11534,8,9,1-11534,12,2,0,3,2.447651967406273,0.20397099728385606
344,344,344,344,344,344,1-9294,14,15,1-9294,74,13,0,14,15.089042514562607,0.2039059799265217
13,13,13,13,13,13,1-7622,10,7,1-7622,45,9,0,1,9.149217322468758,0.20331594049930574
170,170,170,170,170,170,MLG40,3,11,MLG40,30,5,0,7,6.044521257281303,0.20148404190937677
493,493,493,493,493,493,1-3162,17,1,1-3162,35,7,0,0,7.0,0.2
111,111,111,111,111,111,1-7900,17,1,1-7900,75,15,0,0,15.0,0.2
183,183,183,183,183,183,1-18927,17,1,1-18927,30,6,0,0,6.0,0.2
100,100,100,100,100,100,1-7707,17,1,1-7707,10,2,0,0,2.0,0.2
500,500,500,500,500,500,MLG50,12,18,MLG50,168,33,0,2,33.298434644937515,0.19820496812462807
104,104,104,104,104,104,1-9040,11,10,1-9040,55,9,0,12,10.790607869625092,0.19619287035681984
429,429,429,429,429,429,1-8949,12,18,1-8949,112,21,0,6,21.895303934812546,0.19549378513225488
480,480,480,480,480,480,1-1514,7,17,1-1514,64,9,0,23,12.431998416781425,0.19424997526220977
147,147,147,147,147,147,1-7172,7,17,1-7172,284,37,0,120,54.906078696250916,0.193331263014968
485,485,485,485,485,485,MLG25,14,15,MLG25,12,2,0,2,2.2984346449375153,0.1915362204114596
102,102,102,102,102,102,1-6737,14,15,1-6737,32,5,0,7,6.044521257281303,0.18889128929004073
506,506,506,506,506,506,1-3302,12,14,1-3302,52,8,0,12,9.790607869625092,0.1882809205697133
355,355,355,355,355,355,1-8666,14,15,1-8666,89,14,0,18,16.685911804437637,0.18748215510604088
69,69,69,69,69,69,1-7418,8,9,1-7418,45,8,0,2,8.298434644937515,0.18440965877638923
350,350,350,350,350,350,1-19891,21,8,1-19891,95,13,0,30,17.47651967406273,0.183963364990134
536,536,536,536,536,536,1-1964,15,12,1-1964,48,5,0,25,8.73043306171894,0.1818840221191446
210,210,210,210,210,210,1-3182,14,15,1-3182,20,3,0,4,3.5968692898750305,0.17984346449375152
499,499,499,499,499,499,1-3135,13,6,1-3135,101,16,0,14,18.089042514562607,0.17909943083725352
328,328,328,328,328,328,1-7883,9,2,1-7883,33,5,0,6,5.895303934812546,0.17864557378219836
223,223,223,223,223,223,1-5109,7,17,1-5109,37,6,0,4,6.5968692898750305,0.17829376459121704
161,161,161,161,161,161,1-7656,18,13,1-7656,48,6,0,17,8.53669448196888,0.177847801707685
283,283,283,283,283,283,1-1636,3,11,1-1636,22,3,0,6,3.8953039348125458,0.17705926976420663
164,164,164,164,164,164,MLG29,12,18,MLG29,93,16,0,3,16.447651967406273,0.1768564727678094
489,489,489,489,489,489,1-8058,21,8,1-8058,54,7,0,17,9.53669448196888,0.17660545336979408
534,534,534,534,534,534,MLG48,7,17,MLG48,116,6,0,97,20.47408027946949,0.17650069206439215
287,287,287,287,287,287,1-9267,12,18,1-9267,14,2,0,3,2.447651967406273,0.17483228338616236
113,113,113,113,113,113,1-7647,20,16,1-7647,30,4,0,8,5.193738579750061,0.17312461932500203
462,462,462,462,462,462,1-8484,21,8,1-8484,202,28,0,46,34.86399683356285,0.17259404373050916
246,246,246,246,246,246,1-9232,13,6,1-9232,20,3,0,3,3.447651967406273,0.17238259837031364
228,228,228,228,228,228,1-18816,5,14,1-18816,44,1,0,44,7.565562188625336,0.17194459519603036
329,329,329,329,329,329,1-19755,7,17,1-19755,517,62,0,175,88.11303143203259,0.17043139541979224
119,119,119,119,119,119,1-7476,18,13,1-7476,22,3,0,5,3.746086612343788,0.17027666419744492
211,211,211,211,211,211,1-7187,7,17,1-7187,96,9,0,49,16.311648800969124,0.16991300834342837
279,279,279,279,279,279,MLG03,15,12,MLG03,713,98,0,154,120.97946766018867,0.1696766727351875
137,137,137,137,137,137,1-19257,7,17,1-19257,246,26,0,102,41.22016689181328,0.1675616540317613
141,141,141,141,141,141,MLG42,20,16,MLG42,72,11,0,7,12.044521257281303,0.16728501746224034
297,297,297,297,297,297,1-3702,12,18,1-3702,6,1,0,0,1.0,0.16666666666666666
109,109,109,109,109,109,1-3309,17,1,1-3309,12,2,0,0,2.0,0.16666666666666666
219,219,219,219,219,219,1-8371,15,12,1-8371,255,39,0,23,42.431998416781425,0.16639999379129972
402,402,402,402,402,402,1-1958,3,11,1-1958,25,4,0,1,4.149217322468758,0.1659686928987503
274,274,274,274,274,274,1-8497,21,8,1-8497,34,4,0,11,5.641390547156334,0.165923251386951
313,313,313,313,313,313,1-3631,18,13,1-3631,13,2,0,1,2.1492173224687576,0.16532440942067367
95,95,95,95,95,95,1-7625,10,7,1-7625,76,12,0,3,12.447651967406273,0.16378489430797727
50,50,50,50,50,50,MLG14,20,16,MLG14,462,60,0,103,75.36938421428204,0.16313719526900874
497,497,497,497,497,497,1-3216,7,17,1-3216,38,5,0,8,6.193738579750061,0.16299312051973844
541,541,541,541,541,541,1-7301,11,16,1-7301,26,3,0,8,4.193738579750061,0.16129763768269464
348,348,348,348,348,348,MLG62,12,18,MLG62,370,57,0,15,59.238259837031364,0.16010340496494962
114,114,114,114,114,114,1-7449,10,7,1-7449,25,4,0,0,4.0,0.16
221,221,221,221,221,221,1-20138,9,2,1-20138,25,4,0,0,4.0,0.16
77,77,77,77,77,77,1-7567,8,9,1-7567,27,4,0,2,4.298434644937515,0.1592012831458339
239,239,239,239,239,239,1-1136,4,19,1-1136,113,9,0,60,17.953039348125458,0.1588764544081899
455,455,455,455,455,455,1-10981,5,14,1-10981,34,4,0,9,5.342955902218819,0.15714576182996526
16,16,16,16,16,16,1-7539,12,18,1-7539,91,14,0,2,14.298434644937515,0.1571256554388738
436,436,436,436,436,436,1-8702,5,14,1-8702,59,8,0,8,9.193738579750061,0.1558260776228824
230,230,230,230,230,230,1-8766,12,18,1-8766,26,3,0,7,4.044521257281303,0.15555850989543474
262,262,262,262,262,262,1-4394,21,8,1-4394,190,19,0,70,29.445212572813034,0.15497480301480543
483,483,483,483,483,483,MLG47,14,15,MLG47,106,2,0,95,16.175645634531975,0.1526004305144526
405,405,405,405,405,405,1-9365,11,10,1-9365,243,28,0,60,36.95303934812546,0.15207012077417884
397,397,397,397,397,397,1-6492,11,10,1-6492,48,2,0,35,7.222606286406517,0.15047096430013576
503,503,503,503,503,503,1-0295,9,2,1-0295,24,3,0,4,3.5968692898750305,0.14986955374479294
27,27,27,27,27,27,1-0984,20,16,1-0984,50,6,0,10,7.492173224687576,0.14984346449375152
396,396,396,396,396,396,1-11132,18,13,1-11132,34,4,0,7,5.044521257281303,0.14836827227297952
478,478,478,478,478,478,1-8916,11,10,1-8916,61,5,0,27,9.028867706656456,0.14801422469928616
461,461,461,461,461,461,1-9351,7,17,1-9351,60,7,0,12,8.790607869625092,0.1465101311604182
444,444,444,444,444,444,1-2083,15,12,1-2083,48,7,0,0,7.0,0.14583333333333334
10,10,10,10,10,10,1-7390,7,17,1-7390,43,4,0,15,6.238259837031364,0.1450758101635201
448,448,448,448,448,448,1-6249,7,17,1-6249,64,7,0,15,9.238259837031364,0.14434780995361507
217,217,217,217,217,217,1-7575,5,14,1-7575,26,3,0,5,3.746086612343788,0.14408025432091492
33,33,33,33,33,33,1-0997,11,10,1-0997,33,4,0,5,4.746086612343788,0.14382080643466025
545,545,545,545,545,545,1-8291,9,2,1-8291,16,2,0,2,2.2984346449375153,0.1436521653085947
151,151,151,151,151,151,1-11026,15,12,1-11026,21,3,0,0,3.0,0.14285714285714285
428,428,428,428,428,428,1-7733,11,10,1-7733,76,5,0,39,10.819475576281548,0.14236152074054667
252,252,252,252,252,252,1-1887,11,10,1-1887,119,11,0,39,16.819475576281548,0.14134013089312225
155,155,155,155,155,155,1-7462,5,14,1-7462,336,27,0,135,47.14433853328228,0.1403105313490544
18,18,18,18,18,18,1-5635,15,12,1-5635,417,40,0,123,58.35373066365719,0.13993700398958558
490,490,490,490,490,490,1-6591,5,14,1-6591,79,4,0,47,11.013214156031609,0.13940777412698238
410,410,410,410,410,410,1-8368,9,2,1-8368,80,8,0,21,11.13356377184391,0.13916954714804888
454,454,454,454,454,454,1-6678,10,7,1-6678,213,12,0,118,29.6076440513134,0.13900302371508638
449,449,449,449,449,449,1-10960,4,19,1-10960,82,6,0,36,11.371823608875275,0.13868077571799114
538,538,538,538,538,538,1-18794,10,7,1-18794,29,4,0,0,4.0,0.13793103448275862
412,412,412,412,412,412,1-7403,21,8,1-7403,58,5,0,20,7.984346449375153,0.13766114567888194
229,229,229,229,229,229,1-6569,21,8,1-6569,360,21,0,191,49.50050859153271,0.1375014127542575
419,419,419,419,419,419,1-1176,15,12,1-1176,69,9,0,3,9.447651967406273,0.13692249228125034
197,197,197,197,197,197,1-20780,2,27,1-20780,12,0,0,11,1.641390547156334,0.13678254559636116
319,319,319,319,319,319,1-20040,18,1,1-20040,22,3,0,0,3.0,0.13636363636363635
392,392,392,392,392,392,1-18266,15,12,1-18266,55,7,0,3,7.447651967406273,0.13541185395284133
46,46,46,46,46,46,1-3056,5,14,1-3056,250,24,0,66,33.848343282938,0.135393373131752
339,339,339,339,339,339,1-7523,14,15,1-7523,79,8,0,18,10.685911804437637,0.13526470638528654
346,346,346,346,346,346,1-10823,16,21,1-10823,10,0,0,9,1.3429559022188187,0.13429559022188187
442,442,442,442,442,442,1-7770,9,2,1-7770,23,2,0,7,3.0445212572813034,0.13237048944701318
377,377,377,377,377,377,1-7901,14,15,1-7901,298,28,0,76,39.34051650762558,0.13201515606585765
43,43,43,43,43,43,1-7518,21,8,1-7518,169,16,0,42,22.26712754368782,0.13175815114608178
554,554,554,554,554,554,1-18770,5,14,1-18770,10,1,0,2,1.2984346449375153,0.12984346449375153
395,395,395,395,395,395,1-18620,21,8,1-18620,60,4,0,25,7.730433061718941,0.12884055102864903
152,152,152,152,152,152,1-1530,13,6,1-1530,632,45,0,244,81.40902668237686,0.1288117510797102
318,318,318,318,318,318,1-3496,13,6,1-3496,192,12,0,85,24.6834724098444,0.12855975213460624
23,23,23,23,23,23,1-11189,10,7,1-11189,53,6,0,5,6.746086612343788,0.12728465306309034
486,486,486,486,486,486,1-6506,9,2,1-6506,70,1,0,53,8.908518090844154,0.1272645441549165
371,371,371,371,371,371,MLG66,7,17,MLG66,229,20,0,60,28.953039348125458,0.12643248623635572
235,235,235,235,235,235,1-3077,18,13,1-3077,41,1,0,28,5.178085029125214,0.12629475680793203
136,136,136,136,136,136,1-7425,9,2,1-7425,352,30,0,96,44.32486295700073,0.125922906127843
379,379,379,379,379,379,1-5228,4,19,1-5228,180,10,0,83,22.385037764906883,0.12436132091614935
515,515,515,515,515,515,1-8480,20,16,1-8480,112,13,0,6,13.895303934812546,0.12406521370368344
64,64,64,64,64,64,1-8729,20,16,1-8729,53,0,0,44,6.565562188625336,0.12387853186085539
188,188,188,188,188,188,1-5221,5,14,1-5221,21,2,0,4,2.5968692898750305,0.12366044237500146
479,479,479,479,479,479,1-7809,9,2,1-7809,40,3,0,13,4.939825192093849,0.12349562980234623
195,195,195,195,195,195,1-3079,3,11,1-3079,34,0,0,28,4.178085029125214,0.1228848537978004
366,366,366,366,366,366,MLG63,3,11,MLG63,543,59,0,47,66.01321415603161,0.12157129678827185
174,174,174,174,174,174,1-6568,13,6,1-6568,394,9,0,260,47.796503841876984,0.12131092345654057
243,243,243,243,243,243,1-7712,3,11,1-7712,12,1,0,3,1.4476519674062729,0.12063766395052274
441,441,441,441,441,441,1-3717,21,8,1-3717,89,7,0,24,10.581215739250183,0.11889006448595711
36,36,36,36,36,36,1-5686,12,18,1-5686,59,7,0,0,7.0,0.11864406779661017
101,101,101,101,101,101,1-8228,4,19,1-8228,99,8,0,25,11.73043306171894,0.11848922284564586
276,276,276,276,276,276,1-9548,4,19,1-9548,16,1,0,6,1.8953039348125458,0.11845649592578411
474,474,474,474,474,474,1-6608,4,19,1-6608,11,1,0,2,1.2984346449375153,0.11803951317613776
86,86,86,86,86,86,1-10042,11,10,1-10042,21,2,0,3,2.447651967406273,0.1165548555907749
360,360,360,360,360,360,MLG67,17,1,MLG67,293,34,0,0,34.0,0.11604095563139932
204,204,204,204,204,204,1-3509,14,15,1-3509,150,14,0,22,17.282781094312668,0.11521854062875111
417,417,417,417,417,417,1-3026,5,14,1-3026,570,56,0,64,65.54990863800049,0.11499983971579034
386,386,386,386,386,386,MLG08,8,9,MLG08,532,46,0,100,60.92173224687576,0.11451453429863866
295,295,295,295,295,295,1-7522,15,12,1-7522,67,2,0,38,7.67025825381279,0.11448146647481776
463,463,463,463,463,463,1-8187,5,14,1-8187,29,3,0,2,3.2984346449375153,0.11373912568750053
264,264,264,264,264,264,1-1131,18,13,1-1131,200,20,0,18,22.685911804437637,0.11342955902218818
427,427,427,427,427,427,1-8613,7,17,1-8613,37,3,0,8,4.193738579750061,0.11334428593919084
294,294,294,294,294,294,1-3051,4,19,1-3051,116,4,0,61,13.102256670594215,0.1129504885396053
178,178,178,178,178,178,1-0754,8,9,1-0754,41,4,0,4,4.5968692898750305,0.11211876316768367
32,32,32,32,32,32,1-7870,7,17,1-7870,82,8,0,8,9.193738579750061,0.11211876316768367
459,459,459,459,459,459,1-8284,3,11,1-8284,48,4,0,9,5.342955902218819,0.11131158129622538
431,431,431,431,431,431,1-9115,5,14,1-9115,22,2,0,3,2.447651967406273,0.11125690760937604
177,177,177,177,177,177,1-10952,10,7,1-10952,9,1,0,0,1.0,0.1111111111111111
54,54,54,54,54,54,1-6957,21,8,1-6957,338,26,0,74,37.042081862688065,0.10959195817363333
48,48,48,48,48,48,1-6101,15,12,1-6101,41,3,0,10,4.492173224687576,0.10956520060213601
393,393,393,393,393,393,1-2292,2,27,1-2292,252,0,0,185,27.60520465672016,0.10954446292349271
365,365,365,365,365,365,1-18435,5,14,1-18435,37,3,0,7,4.044521257281303,0.10931138533192712
352,352,352,352,352,352,1-2275,13,6,1-2275,130,10,0,28,14.178085029125214,0.10906219253173241
406,406,406,406,406,406,1-6558,14,15,1-6558,24,2,0,4,2.5968692898750305,0.10820288707812627
336,336,336,336,336,336,1-8678,17,1,1-8678,74,8,0,0,8.0,0.10810810810810811
106,106,106,106,106,106,1-8973,20,16,1-8973,44,4,0,5,4.746086612343788,0.10786560482599518
518,518,518,518,518,518,1-3356,17,1,1-3356,28,3,0,0,3.0,0.10714285714285714
327,327,327,327,327,327,1-4609,15,12,1-4609,7,0,0,5,0.7460866123437881,0.10658380176339831
323,323,323,323,323,323,1-7946,13,6,1-7946,289,16,0,97,30.47408027946949,0.10544664456563838
325,325,325,325,325,325,1-6625,5,14,1-6625,67,6,0,7,7.044521257281303,0.10514210831763139
268,268,268,268,268,268,1-7899,13,6,1-7899,40,3,0,8,4.193738579750061,0.10484346449375152
387,387,387,387,387,387,1-3469,21,8,1-3469,40,3,0,8,4.193738579750061,0.10484346449375152
540,540,540,540,540,540,1-8711,4,19,1-8711,48,2,0,20,4.984346449375153,0.10384055102864902
265,265,265,265,265,265,1-7464,15,12,1-7464,48,3,0,13,4.939825192093849,0.10291302483528852
5,5,5,5,5,5,1-8121,9,2,1-8121,110,8,0,22,11.282781094312668,0.10257073722102425
99,99,99,99,99,99,1-7655,20,16,1-7655,38,3,0,6,3.8953039348125458,0.10250799828454067
320,320,320,320,320,320,1-0541,6,4,1-0541,132,0,0,90,13.429559022188187,0.10173908350142566
227,227,227,227,227,227,1-9542,15,12,1-9542,54,4,0,10,5.492173224687576,0.10170691156828846
98,98,98,98,98,98,1-9543,14,15,1-9543,39,2,0,13,3.939825192093849,0.10102115877163716
501,501,501,501,501,501,MLG56,17,1,MLG56,109,11,0,0,11.0,0.10091743119266056
168,168,168,168,168,168,1-7636,7,17,1-7636,83,3,0,36,8.371823608875275,0.10086534468524427
552,552,552,552,552,552,1-9396,20,16,1-9396,16,1,0,4,1.5968692898750305,0.09980433061718941
495,495,495,495,495,495,1-5515,6,4,1-5515,30,0,0,20,2.9843464493751526,0.09947821497917175
305,305,305,305,305,305,1-7472,5,14,1-7472,12,0,0,8,1.193738579750061,0.09947821497917175
341,341,341,341,341,341,1-0983,13,6,1-0983,195,7,0,82,19.235820442438126,0.09864523303814424
517,517,517,517,517,517,1-9436,8,9,1-9436,24,1,0,9,2.3429559022188187,0.09762316259245078
26,26,26,26,26,26,1-0918,9,2,1-0918,179,15,0,16,17.387477159500122,0.09713674390782191
240,240,240,240,240,240,1-6168,17,1,1-6168,31,3,0,0,3.0,0.0967741935483871
446,446,446,446,446,446,1-1166,7,17,1-1166,118,5,0,43,11.416344866156578,0.09674868530641167
199,199,199,199,199,199,1-0529,13,6,1-0529,124,4,0,53,11.908518090844154,0.09603643621648511
385,385,385,385,385,385,MLG70,19,25,MLG70,269,0,0,173,25.81459678709507,0.09596504381819729
169,169,169,169,169,169,1-1466,21,8,1-1466,73,7,0,0,7.0,0.0958904109589041
203,203,203,203,203,203,1-19884,14,7,1-19884,60,5,0,5,5.746086612343788,0.0957681102057298
308,308,308,308,308,308,1-1025,13,6,1-1025,48,1,0,24,4.581215739250183,0.09544199456771214
172,172,172,172,172,172,1-7326,15,12,1-7326,42,4,0,0,4.0,0.09523809523809523
171,171,171,171,171,171,1-3300,8,9,1-3300,29,2,0,5,2.746086612343788,0.0946926418049582
160,160,160,160,160,160,1-0363,8,9,1-0363,34,2,0,8,3.193738579750061,0.09393348763970767
242,242,242,242,242,242,1-1367,13,6,1-1367,66,2,0,28,6.178085029125214,0.0936073489261396
29,29,29,29,29,29,1-8090,10,7,1-8090,14,1,0,2,1.2984346449375153,0.09274533178125109
238,238,238,238,238,238,1-7444,9,2,1-7444,14,1,0,2,1.2984346449375153,0.09274533178125109
68,68,68,68,68,68,1-6533,6,4,1-6533,21,0,0,13,1.9398251920938492,0.0923726281949452
143,143,143,143,143,143,1-7302,7,17,1-7302,240,15,0,47,22.01321415603161,0.0917217256501317
357,357,357,357,357,357,1-7488,9,2,1-7488,65,4,0,13,5.939825192093849,0.09138192603221307
340,340,340,340,340,340,1-0487,19,25,1-0487,18,0,0,11,1.641390547156334,0.09118836373090744
421,421,421,421,421,421,1-12345,9,2,1-12345,97,6,0,19,8.835129126906395,0.09108380543202468
565,565,565,565,565,565,1-19069,10,7,1-19069,11,1,0,0,1.0,0.09090909090909091
248,248,248,248,248,248,1-19068,4,19,1-19068,77,1,0,40,6.968692898750305,0.09050250517857539
247,247,247,247,247,247,1-8753,21,8,1-8753,258,12,0,76,23.34051650762558,0.09046711824661077
133,133,133,133,133,133,1-7460,4,19,1-7460,194,7,0,70,17.445212572813034,0.08992377614852079
56,56,56,56,56,56,1-8924,3,11,1-8924,40,3,0,4,3.5968692898750305,0.08992173224687576
384,384,384,384,384,384,1-0584,8,9,1-0584,41,1,0,18,3.6859118044376373,0.08990028791311311
473,473,473,473,473,473,1-3174,9,2,1-3174,117,6,0,30,10.476519674062729,0.08954290319711734
532,532,532,532,532,532,1-9182,13,6,1-9182,28,1,0,10,2.4921732246875763,0.08900618659598487
542,542,542,542,542,542,1-5287,5,14,1-5287,18,1,0,4,1.5968692898750305,0.0887149605486128
196,196,196,196,196,196,1-8537,21,8,1-8537,47,4,0,1,4.149217322468758,0.08828121962699484
166,166,166,166,166,166,1-9454,18,11,1-9454,80,6,0,7,7.044521257281303,0.08805651571601629
332,332,332,332,332,332,1-6501,6,4,1-6501,107,0,0,63,9.40069131553173,0.08785692818253954
481,481,481,481,481,481,1-19851,18,6,1-19851,25,1,0,8,2.193738579750061,0.08774954319000244
537,537,537,537,537,537,1-9499,4,8,1-9499,36,0,0,21,3.13356377184391,0.08704343810677528
415,415,415,415,415,415,1-7872,11,10,1-7872,124,6,0,32,10.774954319000244,0.08689479289516326
568,568,568,568,568,568,1-7910,7,17,1-7910,15,1,0,2,1.2984346449375153,0.08656230966250102
469,469,469,469,469,469,1-6494,10,7,1-6494,48,4,0,1,4.149217322468758,0.08644202755143245
546,546,546,546,546,546,1-9601,9,2,1-9601,31,1,0,11,2.641390547156334,0.08520614668246239
460,460,460,460,460,460,1-8044,13,6,1-8044,56,1,0,25,4.730433061718941,0.0844720189592668
2,2,2,2,2,2,1-8611,4,19,1-8611,621,27,0,169,52.21772749722004,0.08408651770888895
213,213,213,213,213,213,1-8859,17,1,1-8859,36,3,0,0,3.0,0.08333333333333333
214,214,214,214,214,214,1-19859,18,13,1-19859,12,1,0,0,1.0,0.08333333333333333
218,218,218,218,218,218,MLG11,8,9,MLG11,493,5,0,239,40.66294007003307,0.08248060866132469
125,125,125,125,125,125,1-7581,16,21,1-7581,42,0,0,23,3.4319984167814255,0.08171424801860537
424,424,424,424,424,424,1-8061,21,8,1-8061,55,3,0,10,4.492173224687576,0.0816758768125014
526,526,526,526,526,526,1-11205,20,16,1-11205,56,3,0,10,4.492173224687576,0.08021737901227814
118,118,118,118,118,118,1-7429,7,17,1-7429,33,1,0,11,2.641390547156334,0.08004213779261618
123,123,123,123,123,123,1-3472,13,6,1-3472,28,0,0,15,2.2382598370313644,0.07993785132254873
457,457,457,457,457,457,1-9071,6,4,1-9071,75,0,0,40,5.968692898750305,0.0795825719833374
418,418,418,418,418,418,1-1655,12,18,1-1655,132,10,0,3,10.447651967406273,0.07914887854095662
253,253,253,253,253,253,1-7781,3,11,1-7781,33,2,0,4,2.5968692898750305,0.07869300878409183
375,375,375,375,375,375,1-8990,6,4,1-8990,40,0,0,21,3.13356377184391,0.07833909429609776
232,232,232,232,232,232,1-3186,9,2,1-3186,796,40,0,149,62.23338104784489,0.07818263950734282
351,351,351,351,351,351,1-9399,12,14,1-9399,38,1,0,13,2.939825192093849,0.07736382084457498
66,66,66,66,66,66,1-7348,18,13,1-7348,43,3,0,2,3.2984346449375153,0.07670778244040734
278,278,278,278,278,278,1-3152,6,4,1-3152,323,0,0,166,24.770075529813766,0.0766875403399807
222,222,222,222,222,222,1-17959,6,4,1-17959,57,0,0,29,4.327302351593971,0.07591758511568371
471,471,471,471,471,471,1-8618,3,11,1-8618,53,4,0,0,4.0,0.07547169811320754
226,226,226,226,226,226,1-1047,4,19,1-1047,39,1,0,13,2.939825192093849,0.07538013313061152
138,138,138,138,138,138,1-2829,19,25,1-2829,52,0,0,26,3.8796503841876984,0.07460866123437881
173,173,173,173,173,173,1-7456,16,21,1-7456,32,0,0,16,2.387477159500122,0.07460866123437881
572,572,572,572,572,572,1-9584,4,19,1-9584,8,0,0,4,0.5968692898750305,0.07460866123437881
437,437,437,437,437,437,1-19093,6,4,1-19093,36,0,0,18,2.6859118044376373,0.07460866123437881
12,12,12,12,12,12,1-9133,2,27,1-9133,2,0,0,1,0.14921732246875763,0.07460866123437881
343,343,343,343,343,343,1-8754,4,19,1-8754,108,2,0,40,7.968692898750305,0.07378419350694727
475,475,475,475,475,475,1-11522,13,6,1-11522,24,1,0,5,1.7460866123437881,0.07275360884765784
512,512,512,512,512,512,1-9121,18,6,1-9121,22,1,0,4,1.5968692898750305,0.0725849677215923
466,466,466,466,466,466,1-1687,4,19,1-1687,325,14,0,64,23.54990863800049,0.0724612573476938
267,267,267,267,267,267,1-7715,8,6,1-7715,20,1,0,3,1.4476519674062729,0.07238259837031365
273,273,273,273,273,273,1-9157,15,12,1-9157,89,3,0,23,6.4319984167814255,0.07226964513237556
85,85,85,85,85,85,1-8986,13,6,1-8986,57,2,0,14,4.089042514562607,0.07173758797478258
224,224,224,224,224,224,MLG05,17,1,MLG05,14,1,0,0,1.0,0.07142857142857142
314,314,314,314,314,314,1-11388,1,23,1-11388,28,0,0,13,1.9398251920938492,0.0692794711462089
422,422,422,422,422,422,1-3405,9,2,1-3405,72,3,0,13,4.939825192093849,0.06860868322352569
514,514,514,514,514,514,1-6764,3,8,1-6764,38,2,0,4,2.5968692898750305,0.06833866552302711
207,207,207,207,207,207,1-4766,11,10,1-4766,249,11,0,40,16.968692898750305,0.06814736103915785
516,516,516,516,516,516,1-0337,16,21,1-0337,11,0,0,5,0.7460866123437881,0.06782605566761711
31,31,31,31,31,31,1-8735,13,6,1-8735,52,2,0,10,3.4921732246875763,0.06715717739783801
312,312,312,312,312,312,1-3364,6,4,1-3364,121,0,0,54,8.057735413312912,0.06659285465547861
163,163,163,163,163,163,1-1633,9,2,1-1633,399,15,0,75,26.191299185156822,0.06564235384751083
120,120,120,120,120,120,MLG69,19,25,MLG69,73,0,0,32,4.774954319000244,0.06541033313698964
369,369,369,369,369,369,1-8564,6,4,1-8564,185,0,0,81,12.086603119969368,0.06533298983767226
326,326,326,326,326,326,1-9095,11,23,1-9095,16,0,0,7,1.0445212572813034,0.06528257858008146
303,303,303,303,303,303,1-6543,4,19,1-6543,36,1,0,9,2.3429559022188187,0.06508210839496718
281,281,281,281,281,281,1-8126,18,15,1-8126,34,1,0,8,2.193738579750061,0.06452172293382533
547,547,547,547,547,547,1-9600,1,23,1-9600,7,0,0,3,0.4476519674062729,0.06395028105803899
304,304,304,304,304,304,1-10294,17,15,1-10294,30,1,0,6,1.8953039348125458,0.06317679782708487
286,286,286,286,286,286,1-7725,9,2,1-7725,90,3,0,18,5.685911804437637,0.06317679782708487
92,92,92,92,92,92,1-7621,12,18,1-7621,23,1,0,3,1.4476519674062729,0.06294138988722926
381,381,381,381,381,381,1-7987,4,19,1-7987,23,1,0,3,1.4476519674062729,0.06294138988722926
53,53,53,53,53,53,1-9340,4,19,1-9340,163,1,0,62,10.251473993062973,0.06289247848504892
19,19,19,19,19,19,1-9515,18,13,1-9515,66,4,0,1,4.149217322468758,0.06286692912831451
285,285,285,285,285,285,1-6727,6,4,1-6727,235,0,0,99,14.772514924407005,0.06286176563577449
39,39,39,39,39,39,1-8567,6,4,1-8567,388,0,0,162,24.173206239938736,0.062302077937986436
65,65,65,65,65,65,1-6721,9,2,1-6721,36,0,0,15,2.2382598370313644,0.062173884361982346
411,411,411,411,411,411,1-9135,7,17,1-9135,21,1,0,2,1.2984346449375153,0.06183022118750073
404,404,404,404,404,404,1-9291,4,19,1-9291,78,0,0,32,4.774954319000244,0.0612173630641057
258,258,258,258,258,258,1-4654,9,2,1-4654,138,3,0,36,8.371823608875275,0.06066538847011069
362,362,362,362,362,362,1-0429,4,19,1-0429,69,1,0,21,4.13356377184391,0.05990672133107116
80,80,80,80,80,80,1-21411,1,23,1-21411,5,0,0,2,0.29843464493751526,0.05968692898750305
63,63,63,63,63,63,1-5642,10,7,1-5642,166,9,0,6,9.895303934812546,0.05961026466754546
42,42,42,42,42,42,1-7753,8,9,1-7753,17,1,0,0,1.0,0.058823529411764705
300,300,300,300,300,300,1-7083,17,1,1-7083,17,1,0,0,1.0,0.058823529411764705
89,89,89,89,89,89,1-9586,14,15,1-9586,18,0,0,7,1.0445212572813034,0.05802895873785019
73,73,73,73,73,73,1-9318,19,25,1-9318,13,0,0,5,0.7460866123437881,0.05739127787259909
527,527,527,527,527,527,1-5568,1,23,1-5568,47,0,0,18,2.6859118044376373,0.0571470596688859
275,275,275,275,275,275,1-1712,6,4,1-1712,157,0,0,60,8.953039348125458,0.057025728332009286
24,24,24,24,24,24,1-2742,4,19,1-2742,154,1,0,52,8.759300768375397,0.056878576418022055
550,550,550,550,550,550,1-3727,1,23,1-3727,8,0,0,3,0.4476519674062729,0.05595649592578411
237,237,237,237,237,237,1-7484,1,23,1-7484,24,0,0,9,1.3429559022188187,0.05595649592578411
52,52,52,52,52,52,1-6015,1,23,1-6015,8,0,0,3,0.4476519674062729,0.05595649592578411
60,60,60,60,60,60,1-0916,15,12,1-0916,215,8,0,27,12.028867706656456,0.05594822189142538
122,122,122,122,122,122,1-20046,17,1,1-20046,18,1,0,0,1.0,0.05555555555555555
139,139,139,139,139,139,1-2699,12,18,1-2699,36,2,0,0,2.0,0.05555555555555555
8,8,8,8,8,8,MLG59,5,14,MLG59,112,5,0,8,6.193738579750061,0.05530123731919697
543,543,543,543,543,543,1-1959,1,23,1-1959,19,0,0,7,1.0445212572813034,0.054974803014805444
465,465,465,465,465,465,1-8053,4,19,1-8053,55,0,0,20,2.9843464493751526,0.05426084453409368
510,510,510,510,510,510,1-1119,1,23,1-1119,83,0,0,30,4.476519674062729,0.05393397197665938
76,76,76,76,76,76,1-5687,2,27,1-5687,83,0,0,30,4.476519674062729,0.05393397197665938
363,363,363,363,363,363,1-7993,6,4,1-7993,100,0,0,36,5.371823608875275,0.053718236088752744
175,175,175,175,175,175,1-8177,16,21,1-8177,53,0,0,19,2.835129126906395,0.05349300239446028
156,156,156,156,156,156,1-2322,11,10,1-2322,14,0,0,5,0.7460866123437881,0.053291900881699154
129,129,129,129,129,129,1-7579,20,25,1-7579,40,0,0,14,2.089042514562607,0.05222606286406517
520,520,520,520,520,520,1-8287,21,8,1-8287,53,2,0,5,2.746086612343788,0.05181295494988279
494,494,494,494,494,494,MLG37,1,23,MLG37,50,0,0,17,2.5366944819688797,0.0507338896393776
91,91,91,91,91,91,1-9458,10,7,1-9458,20,1,0,0,1.0,0.05
205,205,205,205,205,205,1-7776,14,15,1-7776,26,1,0,2,1.2984346449375153,0.04993979403605828
556,556,556,556,556,556,1-5304,12,18,1-5304,3,0,0,1,0.14921732246875763,0.049739107489585876
322,322,322,322,322,322,MLG22,1,23,MLG22,33,0,0,11,1.641390547156334,0.049739107489585876
513,513,513,513,513,513,1-7453,12,25,1-7453,24,0,0,8,1.193738579750061,0.049739107489585876
184,184,184,184,184,184,1-5314,1,23,1-5314,9,0,0,3,0.4476519674062729,0.049739107489585876
260,260,260,260,260,260,1-0305,1,23,1-0305,12,0,0,4,0.5968692898750305,0.049739107489585876
560,560,560,560,560,560,1-8940,18,13,1-8940,3,0,0,1,0.14921732246875763,0.049739107489585876
338,338,338,338,338,338,1-3523,14,15,1-3523,497,15,0,64,24.54990863800049,0.049396194442656916
284,284,284,284,284,284,1-5159,9,2,1-5159,59,2,0,6,2.8953039348125458,0.04907294804767027
368,368,368,368,368,368,1-4011,6,4,1-4011,246,0,0,80,11.93738579750061,0.048525958526425245
121,121,121,121,121,121,1-8853,11,10,1-8853,33,1,0,4,1.5968692898750305,0.04838997848106153
271,271,271,271,271,271,1-19121,3,4,1-19121,75,0,0,24,3.581215739250183,0.04774954319000244
34,34,34,34,34,34,1-7589,1,23,1-7589,95,0,0,30,4.476519674062729,0.047121259726976096
390,390,390,390,390,390,1-1005,13,6,1-1005,122,2,0,25,5.730433061718941,0.046970762800974925
97,97,97,97,97,97,1-0455,9,2,1-0455,60,1,0,12,2.7906078696250916,0.046510131160418196
502,502,502,502,502,502,1-8055,5,14,1-8055,57,1,0,11,2.641390547156334,0.04634018503783042
370,370,370,370,370,370,1-7971,6,4,1-7971,117,0,0,36,5.371823608875275,0.04591302229807927
191,191,191,191,191,191,1-9285,5,19,1-9285,30,0,0,9,1.3429559022188187,0.04476519674062729
17,17,17,17,17,17,1-9217,19,25,1-9217,30,0,0,9,1.3429559022188187,0.04476519674062729
251,251,251,251,251,251,MLG27,1,23,MLG27,67,0,0,20,2.9843464493751526,0.04454248431903213
403,403,403,403,403,403,1-7402,16,21,1-7402,141,0,0,42,6.26712754368782,0.044447713075800144
58,58,58,58,58,58,1-7723,13,6,1-7723,46,1,0,7,2.0445212572813034,0.044446114288723984
434,434,434,434,434,434,1-6835,13,6,1-6835,36,1,0,4,1.5968692898750305,0.0443574802743064
135,135,135,135,135,135,1-7499,21,8,1-7499,26,1,0,1,1.1492173224687576,0.04420066624879837
407,407,407,407,407,407,1-5899,6,4,1-5899,288,0,0,85,12.683472409844398,0.04403983475640416
291,291,291,291,291,291,1-17979,7,27,1-17979,17,0,0,5,0.7460866123437881,0.043887447784928715
20,20,20,20,20,20,1-3141,1,23,1-3141,14,0,0,4,0.5968692898750305,0.04263352070535932
435,435,435,435,435,435,1-10882,3,27,1-10882,14,0,0,4,0.5968692898750305,0.04263352070535932
361,361,361,361,361,361,1-0691,16,21,1-0691,450,0,0,128,19.099817276000977,0.042444038391113284
187,187,187,187,187,187,1-3477,4,19,1-3477,46,0,0,13,1.9398251920938492,0.042170112871605415
380,380,380,380,380,380,MLG64,15,12,MLG64,129,3,0,16,5.387477159500122,0.04176338883333428
334,334,334,334,334,334,1-3693,16,21,1-3693,143,0,0,40,5.968692898750305,0.041739111180072064
132,132,132,132,132,132,1-0454,12,21,1-0454,43,0,0,12,1.7906078696250916,0.04164204347965329
445,445,445,445,445,445,MLG61,17,1,MLG61,218,9,0,0,9.0,0.04128440366972477
59,59,59,59,59,59,1-2272,4,19,1-2272,412,5,0,79,16.788168475031853,0.04074798173551421
55,55,55,55,55,55,1-8135,6,4,1-8135,56,0,0,15,2.2382598370313644,0.039968925661274364
347,347,347,347,347,347,1-7720,16,21,1-7720,102,0,0,27,4.028867706656456,0.03949870300643584
367,367,367,367,367,367,1-5154,1,23,1-5154,19,0,0,5,0.7460866123437881,0.03926771643914675
236,236,236,236,236,236,1-9245,1,23,1-9245,23,0,0,6,0.8953039348125458,0.03892625803532808
438,438,438,438,438,438,1-9100,16,21,1-9100,142,0,0,37,5.521040931344032,0.03888056993904248
400,400,400,400,400,400,MLG71,14,15,MLG71,144,2,0,24,5.581215739250183,0.038758442633681826
382,382,382,382,382,382,1-18469,4,19,1-18469,54,0,0,14,2.089042514562607,0.038685972491900124
408,408,408,408,408,408,1-8023,19,25,1-8023,20,0,0,5,0.7460866123437881,0.03730433061718941
562,562,562,562,562,562,1-3142,8,25,1-3142,4,0,0,1,0.14921732246875763,0.03730433061718941
523,523,523,523,523,523,MLG04,20,16,MLG04,16,0,0,4,0.5968692898750305,0.03730433061718941
72,72,72,72,72,72,1-9643,1,23,1-9643,4,0,0,1,0.14921732246875763,0.03730433061718941
148,148,148,148,148,148,1-2028,10,25,1-2028,20,0,0,5,0.7460866123437881,0.03730433061718941
476,476,476,476,476,476,MLG01,21,16,MLG01,43,1,0,4,1.5968692898750305,0.0371364951133728
356,356,356,356,356,356,1-18045,16,21,1-18045,109,0,0,27,4.028867706656456,0.03696208905189409
93,93,93,93,93,93,1-0677,16,21,1-0677,187,0,0,46,6.863996833562851,0.0367058654201222
154,154,154,154,154,154,1-2485,1,23,1-2485,106,0,0,26,3.8796503841876984,0.03660047532252546
492,492,492,492,492,492,1-3257,19,25,1-3257,37,0,0,9,1.3429559022188187,0.03629610546537348
342,342,342,342,342,342,MLG53,1,23,MLG53,216,0,0,52,7.759300768375397,0.03592268874247869
134,134,134,134,134,134,1-6496,14,15,1-6496,28,1,0,0,1.0,0.03571428571428571
373,373,373,373,373,373,MLG73,4,19,MLG73,173,3,0,21,6.13356377184391,0.03545412584880873
165,165,165,165,165,165,1-5185,19,25,1-5185,59,0,0,14,2.089042514562607,0.03540750024682385
531,531,531,531,531,531,1-8951,6,4,1-8951,47,0,0,11,1.641390547156334,0.034923203130985826
456,456,456,456,456,456,1-2006,16,21,1-2006,40,0,0,9,1.3429559022188187,0.03357389755547047
337,337,337,337,337,337,1-1035,16,21,1-1035,249,0,0,56,8.356170058250427,0.03355891589658806
96,96,96,96,96,96,1-10725,10,19,1-10725,27,0,0,6,0.8953039348125458,0.03315940499305725
75,75,75,75,75,75,1-7547,6,4,1-7547,86,0,0,19,2.835129126906395,0.03296661775472552
145,145,145,145,145,145,1-18635,9,2,1-18635,44,1,0,3,1.4476519674062729,0.03290118107741529
519,519,519,519,519,519,1-10800,6,4,1-10800,55,0,0,12,1.7906078696250916,0.03255650672045621
378,378,378,378,378,378,1-5819,10,25,1-5819,23,0,0,5,0.7460866123437881,0.0324385483627734
179,179,179,179,179,179,1-8186,8,9,1-8186,23,0,0,5,0.7460866123437881,0.0324385483627734
22,22,22,22,22,22,1-20100,12,18,1-20100,31,1,0,0,1.0,0.03225806451612903
198,198,198,198,198,198,1-9203,7,17,1-9203,14,0,0,3,0.4476519674062729,0.031975140529019494
315,315,315,315,315,315,MLG31,1,23,MLG31,42,0,0,9,1.3429559022188187,0.031975140529019494
45,45,45,45,45,45,1-1070,16,21,1-1070,280,0,0,58,8.654604703187943,0.03090930251138551
272,272,272,272,272,272,1-5531,16,21,1-5531,199,0,0,41,6.117910221219063,0.030743267443311875
153,153,153,153,153,153,MLG43,1,23,MLG43,39,0,0,8,1.193738579750061,0.03060868153205285
78,78,78,78,78,78,1-6677,9,2,1-6677,94,0,0,19,2.835129126906395,0.03016094815857867
293,293,293,293,293,293,MLG20,19,25,MLG20,55,0,0,11,1.641390547156334,0.029843464493751526
182,182,182,182,182,182,1-4136,2,27,1-4136,20,0,0,4,0.5968692898750305,0.029843464493751526
40,40,40,40,40,40,1-6214,16,21,1-6214,65,0,0,13,1.9398251920938492,0.029843464493751526
566,566,566,566,566,566,1-19192,2,27,1-19192,5,0,0,1,0.14921732246875763,0.029843464493751526
190,190,190,190,190,190,1-6199,19,25,1-6199,30,0,0,6,0.8953039348125458,0.029843464493751526
529,529,529,529,529,529,1-11533,2,27,1-11533,20,0,0,4,0.5968692898750305,0.029843464493751526
25,25,25,25,25,25,MLG68,5,14,MLG68,152,3,0,10,4.492173224687576,0.029553771215049845
105,105,105,105,105,105,1-8834,5,14,1-8834,39,1,0,1,1.1492173224687576,0.029467110832532246
49,49,49,49,49,49,7W2-19692,11,10,7W2-19692,34,1,0,0,1.0,0.029411764705882353
472,472,472,472,472,472,MLG52,15,12,MLG52,112,0,0,22,3.282781094312668,0.029310545484934534
11,11,11,11,11,11,1-8750,11,10,1-8750,45,1,0,2,1.2984346449375153,0.028854103220833673
420,420,420,420,420,420,1-7057,16,21,1-7057,105,0,0,20,2.9843464493751526,0.028422347136906216
349,349,349,349,349,349,MLG57,1,23,MLG57,165,0,0,31,4.6257369965314865,0.028034769675948402
71,71,71,71,71,71,MLG26,1,23,MLG26,155,0,0,29,4.327302351593971,0.02791807968770304
301,301,301,301,301,301,1-6684,17,1,1-6684,145,4,0,0,4.0,0.027586206896551724
298,298,298,298,298,298,1-7107,13,6,1-7107,84,2,0,2,2.2984346449375153,0.027362317201637086
162,162,162,162,162,162,1-8242,19,25,1-8242,11,0,0,2,0.29843464493751526,0.02713042226704684
116,116,116,116,116,116,1-7737,8,9,1-7737,11,0,0,2,0.29843464493751526,0.02713042226704684
401,401,401,401,401,401,1-7038,19,25,1-7038,163,0,0,29,4.327302351593971,0.026547867187693076
212,212,212,212,212,212,1-9522,2,27,1-9522,17,0,0,3,0.4476519674062729,0.02633246867095723
215,215,215,215,215,215,1-7430,8,9,1-7430,17,0,0,3,0.4476519674062729,0.02633246867095723
201,201,201,201,201,201,1-3075,20,16,1-3075,45,1,0,1,1.1492173224687576,0.025538162721527948
443,443,443,443,443,443,1-4397,16,21,1-4397,106,0,0,18,2.6859118044376373,0.02533879060790224
269,269,269,269,269,269,1-5271,3,11,1-5271,12,0,0,2,0.29843464493751526,0.024869553744792938
185,185,185,185,185,185,1-3301,6,4,1-3301,18,0,0,3,0.4476519674062729,0.024869553744792938
451,451,451,451,451,451,1-7146,14,27,1-7146,18,0,0,3,0.4476519674062729,0.024869553744792938
539,539,539,539,539,539,1-6559,19,25,1-6559,24,0,0,4,0.5968692898750305,0.024869553744792938
557,557,557,557,557,557,P1-17272,1,23,P1-17272,6,0,0,1,0.14921732246875763,0.024869553744792938
3,3,3,3,3,3,1-18956,19,25,1-18956,49,0,0,8,1.193738579750061,0.0243620118316339
144,144,144,144,144,144,1-8914,16,21,1-8914,25,0,0,4,0.5968692898750305,0.02387477159500122
70,70,70,70,70,70,1-9644,1,23,1-9644,63,0,0,10,1.4921732246875763,0.023685289280755178
383,383,383,383,383,383,1-0582,16,21,1-0582,70,0,0,11,1.641390547156334,0.02344843638794763
498,498,498,498,498,498,MLG38,10,25,MLG38,26,0,0,4,0.5968692898750305,0.022956511149039634
477,477,477,477,477,477,1-20081,12,25,1-20081,20,0,0,3,0.4476519674062729,0.022382598370313644
62,62,62,62,62,62,1-9114,1,23,1-9114,120,0,0,18,2.6859118044376373,0.022382598370313644
333,333,333,333,333,333,1-3047,16,21,1-3047,360,0,0,52,7.759300768375397,0.021553613245487213
127,127,127,127,127,127,1-18952,18,13,1-18952,14,0,0,2,0.29843464493751526,0.02131676035267966
245,245,245,245,245,245,1-10305,2,27,1-10305,28,0,0,4,0.5968692898750305,0.02131676035267966
167,167,167,167,167,167,1-9287,20,4,1-9287,21,0,0,3,0.4476519674062729,0.02131676035267966
277,277,277,277,277,277,P1-6891,2,27,P1-6891,7,0,0,1,0.14921732246875763,0.02131676035267966
450,450,450,450,450,450,1-2432,1,23,1-2432,50,0,0,7,1.0445212572813034,0.020890425145626067
225,225,225,225,225,225,1-17970,5,27,1-17970,36,0,0,5,0.7460866123437881,0.020724628120660782
263,263,263,263,263,263,1-7486,4,19,1-7486,29,0,0,4,0.5968692898750305,0.020581699650863122
87,87,87,87,87,87,1-0708,16,21,1-0708,408,0,0,56,8.356170058250427,0.020480808966300067
94,94,94,94,94,94,1-8928,7,17,1-8928,30,0,0,4,0.5968692898750305,0.01989564299583435
35,35,35,35,35,35,1-8300,1,23,1-8300,53,0,0,7,1.0445212572813034,0.01970794825059063
452,452,452,452,452,452,1-18370,1,23,1-18370,23,0,0,3,0.4476519674062729,0.01946312901766404
324,324,324,324,324,324,1-3369,19,25,1-3369,8,0,0,1,0.14921732246875763,0.018652165308594704
88,88,88,88,88,88,1-6637,5,14,1-6637,78,1,0,3,1.4476519674062729,0.01855964060777273
508,508,508,508,508,508,1-8057,19,25,1-8057,50,0,0,6,0.8953039348125458,0.017906078696250917
306,306,306,306,306,306,1-18987,5,25,1-18987,34,0,0,4,0.5968692898750305,0.017554979113971487
558,558,558,558,558,558,1-8628,15,12,1-8628,68,1,0,1,1.1492173224687576,0.016900254742187613
128,128,128,128,128,128,MLG33,19,25,MLG33,161,0,0,18,2.6859118044376373,0.016682682015140605
244,244,244,244,244,244,1-3099,3,11,1-3099,9,0,0,1,0.14921732246875763,0.016579702496528625
561,561,561,561,561,561,1-3699,13,6,1-3699,9,0,0,1,0.14921732246875763,0.016579702496528625
103,103,103,103,103,103,1-17927,2,27,1-17927,9,0,0,1,0.14921732246875763,0.016579702496528625
376,376,376,376,376,376,1-18412,19,25,1-18412,56,0,0,6,0.8953039348125458,0.015987570264509747
266,266,266,266,266,266,1-6554,2,27,1-6554,28,0,0,3,0.4476519674062729,0.015987570264509747
487,487,487,487,487,487,1-7467,8,9,1-7467,20,0,0,2,0.29843464493751526,0.014921732246875763
107,107,107,107,107,107,1-2192,6,4,1-2192,22,0,0,2,0.29843464493751526,0.01356521113352342
186,186,186,186,186,186,1-8162,20,25,1-8162,22,0,0,2,0.29843464493751526,0.01356521113352342
112,112,112,112,112,112,1-7564,15,12,1-7564,22,0,0,2,0.29843464493751526,0.01356521113352342
90,90,90,90,90,90,MLG83,17,25,MLG83,88,0,0,8,1.193738579750061,0.01356521113352342
551,551,551,551,551,551,1-18869,18,27,1-18869,22,0,0,2,0.29843464493751526,0.01356521113352342
447,447,447,447,447,447,7W2-0103,16,21,7W2-0103,33,0,0,3,0.4476519674062729,0.01356521113352342
330,330,330,330,330,330,MLG28,2,27,MLG28,22,0,0,2,0.29843464493751526,0.01356521113352342
1,1,1,1,1,1,1-7943,14,15,1-7943,68,0,0,6,0.8953039348125458,0.013166234335478614
200,200,200,200,200,200,7W2-12806,1,23,7W2-12806,23,0,0,2,0.29843464493751526,0.01297541934510936
467,467,467,467,467,467,MLG82,19,25,MLG82,71,0,0,6,0.8953039348125458,0.012609914574824589
181,181,181,181,181,181,1-9123,4,19,1-9123,24,0,0,2,0.29843464493751526,0.012434776872396469
81,81,81,81,81,81,1-1099,6,4,1-1099,149,0,0,10,1.4921732246875763,0.01001458540058776
331,331,331,331,331,331,1-9412,11,6,1-9412,15,0,0,1,0.14921732246875763,0.009947821497917175
290,290,290,290,290,290,1-0447,4,21,1-0447,65,0,0,4,0.5968692898750305,0.009182604459615855
280,280,280,280,280,280,MLG09,2,27,MLG09,174,0,0,10,1.4921732246875763,0.008575708187859634
261,261,261,261,261,261,1-8747,2,27,1-8747,18,0,0,1,0.14921732246875763,0.008289851248264313
496,496,496,496,496,496,1-18973,1,23,1-18973,39,0,0,2,0.29843464493751526,0.007652170383013212
509,509,509,509,509,509,1-9473,2,27,1-9473,20,0,0,1,0.14921732246875763,0.0074608661234378815
0,0,0,0,0,0,1-8545,19,25,1-8545,42,0,0,2,0.29843464493751526,0.007105586784226554
292,292,292,292,292,292,1-11045,2,27,1-11045,43,0,0,2,0.29843464493751526,0.0069403405799422155
255,255,255,255,255,255,1-17969,1,23,1-17969,22,0,0,1,0.14921732246875763,0.00678260556676171
146,146,146,146,146,146,1-9260,16,21,1-9260,111,0,0,5,0.7460866123437881,0.006721501012106199
511,511,511,511,511,511,1-8691,1,23,1-8691,26,0,0,1,0.14921732246875763,0.005739127787259908
82,82,82,82,82,82,1-6029,2,27,1-6029,26,0,0,1,0.14921732246875763,0.005739127787259908
423,423,423,423,423,423,1-5696,8,27,1-5696,80,0,0,3,0.4476519674062729,0.005595649592578411
522,522,522,522,522,522,1-10808,2,27,1-10808,54,0,0,2,0.29843464493751526,0.0055265674988428755
15,15,15,15,15,15,1-5537,2,27,1-5537,32,0,0,1,0.14921732246875763,0.004663041327148676
79,79,79,79,79,79,1-6661,8,9,1-6661,32,0,0,1,0.14921732246875763,0.004663041327148676
209,209,209,209,209,209,MLG76,6,4,MLG76,131,0,0,4,0.5968692898750305,0.004556254121183439
57,57,57,57,57,57,1-6654,1,23,1-6654,66,0,0,2,0.29843464493751526,0.004521737044507807
84,84,84,84,84,84,1-3491,5,14,1-3491,33,0,0,1,0.14921732246875763,0.004521737044507807
521,521,521,521,521,521,1-8630,15,12,1-8630,67,0,0,2,0.29843464493751526,0.004454248431903213
115,115,115,115,115,115,1-3254,2,27,1-3254,68,0,0,2,0.29843464493751526,0.004388744778492872
192,192,192,192,192,192,1-4874,2,27,1-4874,224,0,0,6,0.8953039348125458,0.003996892566127437
193,193,193,193,193,193,1-3081,6,4,1-3081,42,0,0,1,0.14921732246875763,0.003552793392113277
140,140,140,140,140,140,1-9341,6,4,1-9341,98,0,0,2,0.29843464493751526,0.0030452514789542375
433,433,433,433,433,433,MLG55,2,27,MLG55,110,0,0,2,0.29843464493751526,0.0027130422267046842
4,4,4,4,4,4,1-19133,1,23,1-19133,58,0,0,1,0.14921732246875763,0.0025727124563578903
505,505,505,505,505,505,1-7936,7,27,1-7936,59,0,0,1,0.14921732246875763,0.0025291071604874172
470,470,470,470,470,470,1-10043,7,27,1-10043,61,0,0,1,0.14921732246875763,0.002446185614241928
14,14,14,14,14,14,MLG78,2,27,MLG78,94,0,0,1,0.14921732246875763,0.0015874183241357195
37,37,37,37,37,37,1-8039,14,1,1-8039,12,0,0,0,0.0,0.0
575,575,575,575,575,575,1-5714,17,1,1-5714,1,0,0,0,0.0,0.0
74,74,74,74,74,74,1-6953,19,25,1-6953,66,0,0,0,0.0,0.0
569,569,569,569,569,569,1-10217,8,27,1-10217,4,0,0,0,0.0,0.0
206,206,206,206,206,206,1-20065,1,23,1-20065,21,0,0,0,0.0,0.0
530,530,530,530,530,530,1-7721,2,27,1-7721,12,0,0,0,0.0,0.0
44,44,44,44,44,44,1-5873,6,4,1-5873,3,0,0,0,0.0,0.0
488,488,488,488,488,488,1-18369,3,25,1-18369,7,0,0,0,0.0,0.0
504,504,504,504,504,504,1-18507,17,1,1-18507,320,0,0,0,0.0,0.0
296,296,296,296,296,296,1-21180,12,18,1-21180,1,0,0,0,0.0,0.0
310,310,310,310,310,310,1-9486,2,27,1-9486,2,0,0,0,0.0,0.0
507,507,507,507,507,507,1-19067,10,23,1-19067,8,0,0,0,0.0,0.0
176,176,176,176,176,176,1-7356,5,7,1-7356,4,0,0,0,0.0,0.0
432,432,432,432,432,432,1-1067,17,16,1-1067,17,0,0,0,0.0,0.0
124,124,124,124,124,124,1-19987,4,19,1-19987,20,0,0,0,0.0,0.0
548,548,548,548,548,548,1-3380,21,8,1-3380,2,0,0,0,0.0,0.0
425,425,425,425,425,425,1-10919,9,2,1-10919,20,0,0,0,0.0,0.0
567,567,567,567,567,567,1-5713,17,1,1-5713,2,0,0,0,0.0,0.0
233,233,233,233,233,233,1-8864,3,27,1-8864,39,0,0,0,0.0,0.0
440,440,440,440,440,440,1-9197,20,27,1-9197,16,0,0,0,0.0,0.0
254,254,254,254,254,254,1-9230,12,7,1-9230,5,0,0,0,0.0,0.0
289,289,289,289,289,289,1-9958,1,23,1-9958,1,0,0,0,0.0,0.0
241,241,241,241,241,241,1-2429,1,23,1-2429,10,0,0,0,0.0,0.0
282,282,282,282,282,282,1-7711,5,18,1-7711,8,0,0,0,0.0,0.0
180,180,180,180,180,180,1-7886,1,23,1-7886,7,0,0,0,0.0,0.0
549,549,549,549,549,549,1-10622,18,6,1-10622,4,0,0,0,0.0,0.0
288,288,288,288,288,288,1-20283,12,18,1-20283,1,0,0,0,0.0,0.0
249,249,249,249,249,249,1-9259,5,14,1-9259,13,0,0,0,0.0,0.0
524,524,524,524,524,524,1-3734,10,16,1-3734,4,0,0,0,0.0,0.0
51,51,51,51,51,51,1-8981,8,4,1-8981,15,0,0,0,0.0,0.0
231,231,231,231,231,231,1-4413,1,23,1-4413,9,0,0,0,0.0,0.0
67,67,67,67,67,67,1-19989,3,1,1-19989,4,0,0,0,0.0,0.0
574,574,574,574,574,574,1-4618,3,11,1-4618,1,0,0,0,0.0,0.0
571,571,571,571,571,571,1-4387,10,7,1-4387,1,0,0,0,0.0,0.0
553,553,553,553,553,553,1-17965,18,27,1-17965,10,0,0,0,0.0,0.0
110,110,110,110,110,110,1-9225,2,27,1-9225,18,0,0,0,0.0,0.0
307,307,307,307,307,307,1-5199,11,1,1-5199,3,0,0,0,0.0,0.0
216,216,216,216,216,216,1-18953,6,4,1-18953,5,0,0,0,0.0,0.0
573,573,573,573,573,573,1-3100,3,1,1-3100,4,0,0,0,0.0,0.0
7,7,7,7,7,7,1-11209,1,23,1-11209,35,0,0,0,0.0,0.0
559,559,559,559,559,559,1-9466,20,23,1-9466,8,0,0,0,0.0,0.0
414,414,414,414,414,414,1-5140,3,27,1-5140,10,0,0,0,0.0,0.0
464,464,464,464,464,464,1-8629,1,23,1-8629,65,0,0,0,0.0,0.0
563,563,563,563,563,563,1-11121,2,27,1-11121,18,0,0,0,0.0,0.0
9,9,9,9,9,9,1-8765,11,10,1-8765,38,0,0,0,0.0,0.0
525,525,525,525,525,525,1-3117,2,27,1-3117,7,0,0,0,0.0,0.0
564,564,564,564,564,564,1-5303,11,10,1-5303,4,0,0,0,0.0,0.0
535,535,535,535,535,535,1-9253,5,27,1-9253,30,0,0,0,0.0,0.0
30,30,30,30,30,30,1-20045,3,11,1-20045,45,0,0,0,0.0,0.0
234,234,234,234,234,234,1-9935,2,27,1-9935,5,0,0,0,0.0,0.0
189,189,189,189,189,189,1-7834,3,23,1-7834,4,0,0,0,0.0,0.0
126,126,126,126,126,126,1-3489,2,27,1-3489,43,0,0,0,0.0,0.0
354,354,354,354,354,354,1-11438,6,4,1-11438,53,0,0,0,0.0,0.0
302,302,302,302,302,302,1-8899,10,7,1-8899,3,0,0,0,0.0,0.0
38,38,38,38,38,38,1-10018,8,1,1-10018,40,0,0,0,0.0,0.0
439,439,439,439,439,439,1-8062,12,13,1-8062,17,0,0,0,0.0,0.0
149,149,149,149,149,149,1-9621,11,1,1-9621,4,0,0,0,0.0,0.0
426,426,426,426,426,426,1-7332,7,21,1-7332,53,0,0,0,0.0,0.0
533,533,533,533,533,533,1-3371,2,27,1-3371,16,0,0,0,0.0,0.0
528,528,528,528,528,528,MLG77,14,27,MLG77,9,0,0,0,0.0,0.0
299,299,299,299,299,299,1-9316,3,11,1-9316,16,0,0,0,0.0,0.0
202,202,202,202,202,202,1-19108,10,7,1-19108,16,0,0,0,0.0,0.0
311,311,311,311,311,311,1-3739,5,14,1-3739,2,0,0,0,0.0,0.0
309,309,309,309,309,309,1-7481,12,18,1-7481,1,0,0,0,0.0,0.0
250,250,250,250,250,250,1-7178,11,10,1-7178,8,0,0,0,0.0,0.0
21,21,21,21,21,21,1-6816,5,14,1-6816,14,0,0,0,0.0,0.0
220,220,220,220,220,220,1-19627,13,6,1-19627,21,0,0,0,0.0,0.0
409,409,409,409,409,409,1-7297,20,27,1-7297,13,0,0,0,0.0,0.0
570,570,570,570,570,570,1-5965,1,23,1-5965,6,0,0,0,0.0,0.0
117,117,117,117,117,117,1-2523,4,19,1-2523,14,0,0,0,0.0,0.0
194,194,194,194,194,194,1-19109,2,27,1-19109,30,0,0,0,0.0,0.0
259,259,259,259,259,259,1-5146,13,6,1-5146,2,0,0,0,0.0,0.0
544,544,544,544,544,544,1-20124,15,25,1-20124,3,0,0,0,0.0,0.0
