i,j,count
14,5,130
5,14,130
1,19,94
19,1,94
23,20,189
23,7,214
20,23,189
20,7,195
7,23,214
7,20,195
4,8,338
4,15,146
8,4,338
8,15,326
15,4,146
15,8,326
1,8,258
1,14,196
1,9,276
1,16,145
8,1,258
8,14,408
8,9,563
8,16,284
14,1,196
14,8,408
14,9,368
14,16,206
9,1,276
9,8,563
9,14,368
9,16,366
16,1,145
16,8,284
16,14,206
16,9,366
17,18,180
18,17,180
21,8,512
21,14,262
21,3,181
21,13,243
8,21,512
8,3,364
8,13,252
14,21,262
14,3,159
14,13,111
3,21,181
3,8,364
3,14,159
3,13,129
13,21,243
13,8,252
13,14,111
13,3,129
11,13,123
11,5,306
13,11,123
13,5,231
5,11,306
5,13,231
20,1,207
20,14,248
20,19,126
20,22,135
1,20,207
1,22,156
14,20,248
14,19,143
14,22,213
19,20,126
19,14,143
19,22,142
22,20,135
22,1,156
22,14,213
22,19,142
8,19,208
8,23,307
19,8,208
19,13,91
19,23,143
13,19,91
13,23,101
23,8,307
23,19,143
23,13,101
8,11,312
11,8,312
2,18,84
2,6,132
18,2,84
18,6,123
6,2,132
6,18,123
17,5,405
17,4,186
17,21,196
5,17,405
5,4,171
5,21,212
4,17,186
4,5,171
4,21,172
21,17,196
21,5,212
21,4,172
14,12,132
14,6,303
14,2,146
21,12,129
21,6,253
21,16,179
21,2,135
12,14,132
12,21,129
12,6,167
12,16,102
12,2,202
6,14,303
6,21,253
6,12,167
6,16,240
16,21,179
16,12,102
16,6,240
16,2,114
2,14,146
2,21,135
2,12,202
2,16,114
20,8,385
20,12,83
20,10,289
1,12,89
1,10,167
8,20,385
8,12,208
8,10,480
12,20,83
12,1,89
12,8,208
12,10,178
10,20,289
10,1,167
10,8,480
10,12,178
9,12,118
9,3,223
12,9,118
12,3,130
3,9,223
3,12,130
8,7,344
14,7,174
7,8,344
7,14,174
13,17,149
17,13,149
1,11,175
1,4,137
11,1,175
11,4,171
4,1,137
4,11,171
9,15,240
9,22,253
15,9,240
15,22,134
22,9,253
22,15,134
14,23,215
14,11,222
23,14,215
23,11,225
11,14,222
11,23,225
9,23,389
9,11,300
23,9,389
11,9,300
15,12,82
15,14,194
15,21,160
12,15,82
14,15,194
21,15,160
8,5,331
9,5,316
5,8,331
5,9,316
20,21,275
21,20,275
19,17,64
19,6,107
22,17,221
22,6,269
17,19,64
17,22,221
17,6,223
6,19,107
6,22,269
6,17,223
23,1,129
1,23,129
15,7,201
15,10,169
15,17,283
7,15,201
7,10,312
7,17,172
10,15,169
10,7,312
10,17,232
17,15,283
17,7,172
17,10,232
13,10,221
13,18,162
10,13,221
10,18,205
18,13,162
18,10,205
21,7,192
7,21,192
9,10,402
9,7,257
10,9,402
7,9,257
3,6,218
6,3,218
9,21,279
11,21,200
21,9,279
21,11,200
19,21,148
19,3,107
21,19,148
3,19,107
5,7,274
5,2,91
7,5,274
7,13,179
7,2,88
13,7,179
13,2,85
2,5,91
2,7,88
2,13,85
10,4,224
10,11,296
4,10,224
11,10,296
9,4,301
9,17,262
4,9,301
17,9,262
5,10,246
10,5,246
7,3,150
7,11,217
3,7,150
3,11,127
11,7,217
11,3,127
20,3,161
20,16,193
20,17,129
3,20,161
3,16,162
3,17,237
16,20,193
16,3,162
16,17,496
12,17,155
17,20,129
17,3,237
17,16,496
17,12,155
16,4,133
4,16,133
4,14,192
14,4,192
22,8,331
8,22,331
18,15,209
15,18,209
15,2,64
2,15,64
10,21,371
21,10,371
4,6,196
4,7,153
4,22,179
6,4,196
6,7,293
6,10,351
7,4,153
7,6,293
7,22,132
10,6,351
10,22,284
22,4,179
22,7,132
22,10,284
20,15,166
20,11,215
15,20,166
15,11,155
11,20,215
11,15,155
20,5,227
3,5,245
5,20,227
5,3,245
11,18,155
18,11,155
18,7,130
7,18,130
20,9,325
9,20,325
18,1,173
1,18,173
23,18,125
14,18,111
7,19,184
19,7,184
19,18,112
18,23,125
18,14,111
18,19,112
9,18,277
5,16,209
5,18,109
16,5,209
16,18,156
18,9,277
18,5,109
18,16,156
2,4,135
12,4,166
4,2,135
4,12,166
18,22,141
22,18,141
11,2,86
9,2,162
2,11,86
2,9,162
16,23,199
16,15,279
23,16,199
23,15,143
15,16,279
15,23,143
6,5,112
21,22,192
5,6,112
5,12,100
5,22,251
12,5,100
12,22,104
22,21,192
22,5,251
22,12,104
3,1,129
3,2,123
1,3,129
1,2,107
2,3,123
2,1,107
15,1,125
1,15,125
1,21,160
21,1,160
6,9,249
9,6,249
14,17,203
17,14,203
21,18,233
20,18,245
18,21,233
18,20,245
15,5,156
5,15,156
5,23,102
23,5,102
8,17,366
13,16,127
16,13,127
17,8,366
12,19,93
19,12,93
23,17,133
17,23,133
19,11,136
11,19,136
3,18,107
18,3,107
12,7,108
7,12,108
8,2,172
2,8,172
6,15,155
15,6,155
4,13,107
13,4,107
2,22,85
22,2,85
8,6,458
6,8,458
23,6,160
20,6,254
6,23,160
6,20,254
9,19,186
19,9,186
5,19,108
19,5,108
19,4,131
4,19,131
11,22,208
22,11,208
1,7,143
7,1,143
1,17,111
17,1,111
5,1,128
1,5,128
3,22,140
3,4,136
22,3,140
4,3,136
15,3,107
3,15,107
11,6,156
6,11,156
10,14,322
14,10,322
18,4,199
4,18,199
23,3,137
3,23,137
4,20,116
20,4,116
15,19,104
19,15,104
9,13,205
13,9,205
13,22,133
22,13,133
10,16,195
16,10,195
16,22,173
22,16,173
3,10,190
10,3,190
6,13,140
13,6,140
12,13,57
12,18,85
15,13,108
13,12,57
13,15,108
18,12,85
16,11,175
11,16,175
8,18,248
18,8,248
16,7,104
7,16,104
2,23,92
23,2,92
23,22,195
22,23,195
23,4,155
4,23,155
10,19,154
19,10,154
12,11,80
11,12,80
17,2,97
2,17,97
20,2,83
2,20,83
1,13,139
13,1,139
10,23,252
23,10,252
17,11,139
11,17,139
16,19,86
19,16,86
13,20,145
20,13,145
21,23,153
23,21,153
2,19,71
23,12,155
19,2,71
12,23,155
10,2,145
2,10,145
1,6,124
6,1,124
