,block,slot
0,1,11
1,2,14
2,3,13
3,4,9
4,5,3
5,6,16
6,7,6
7,8,15
8,9,12
9,10,22
10,11,2
11,12,8
12,13,1
13,14,17
14,15,20
15,16,18
16,17,4
17,18,7
18,19,10
19,20,21
20,21,5
21,22,23
22,23,19
23,24,24
