Unnamed: 0.13,Unnamed: 0.12,Unnamed: 0.11,Unnamed: 0.10,Unnamed: 0.9,Unnamed: 0.8,Unnamed: 0.7,Unnamed: 0.6,Unnamed: 0.5,Unnamed: 0.4,Unnamed: 0.3,Unnamed: 0.2,Unnamed: 0.1,Unnamed: 0,Exam Group,Exam Block,slot,exam,size,b2bs,confs,2i3s,score,score_norm
191,191,191,191,191,191,191,191,191,191,191,191,191,191,MLG44,21,18,MLG44,59,5,1,13,1014.2271342873573,17.190290411650125
168,168,168,168,168,168,168,168,168,168,168,168,168,168,MLG45,7,3,MLG45,70,11,1,20,1025.195591211319,14.645651303018843
84,84,84,84,84,84,84,84,84,84,84,84,84,84,1-2382,21,18,1-2382,139,20,1,15,1030.6466934084892,7.414724413010714
6,6,6,6,6,6,6,6,6,6,6,6,6,6,MLG54,7,3,MLG54,595,25,1,123,1112.3028859496117,1.8694166150413642
558,558,558,558,558,558,558,558,558,558,558,558,558,558,1-10951,14,11,1-10951,1,0,0,1,0.7097795605659485,0.7097795605659485
15,15,15,15,15,15,15,15,15,15,15,15,15,15,1-1580,17,7,1-1580,400,31,0,307,248.90232509374619,0.6222558127343655
368,368,368,368,368,368,368,368,368,368,368,368,368,368,1-6858,11,10,1-6858,23,7,0,10,14.097795605659485,0.6129476350286732
64,64,64,64,64,64,64,64,64,64,64,64,64,64,MLG29,6,4,MLG29,164,46,0,64,91.4258918762207,0.5574749504647604
323,323,323,323,323,323,323,323,323,323,323,323,323,323,1-13247,19,20,1-13247,29,1,0,21,15.905370771884918,0.5484610610994799
45,45,45,45,45,45,45,45,45,45,45,45,45,45,1-3596,3,6,1-3596,223,55,0,92,120.29971957206726,0.5394606258837097
180,180,180,180,180,180,180,180,180,180,180,180,180,180,1-10539,15,15,1-10539,63,25,0,12,33.51735472679138,0.5320215035998632
51,51,51,51,51,51,51,51,51,51,51,51,51,51,MLG65,3,6,MLG65,201,26,0,104,99.81707429885864,0.4966023596958141
8,8,8,8,8,8,8,8,8,8,8,8,8,8,1-10468,11,9,1-10468,549,97,0,244,270.18621277809143,0.4921424640766693
127,127,127,127,127,127,127,127,127,127,127,127,127,127,1-5891,4,5,1-5891,96,10,0,52,46.90853714942932,0.48863059530655545
1,1,1,1,1,1,1,1,1,1,1,1,1,1,1-9227,14,11,1-9227,801,96,0,412,388.4291789531708,0.4849303108029598
144,144,144,144,144,144,144,144,144,144,144,144,144,144,1-7058,2,14,1-7058,80,1,0,52,37.90853714942932,0.4738567143678665
145,145,145,145,145,145,145,145,145,145,145,145,145,145,1-9491,18,21,1-9491,80,21,0,23,37.324929893016815,0.4665616236627102
4,4,4,4,4,4,4,4,4,4,4,4,4,4,MLG68,4,5,MLG68,642,80,0,306,297.19254553318024,0.4629167375906234
23,23,23,23,23,23,23,23,23,23,23,23,23,23,1-7866,17,7,1-7866,318,110,0,46,142.64985978603363,0.4485844647359548
41,41,41,41,41,41,41,41,41,41,41,41,41,41,1-9283,3,6,1-9283,235,74,0,44,105.23030066490173,0.44778851346766696
121,121,121,121,121,121,121,121,121,121,121,121,121,121,1-9333,20,19,1-9333,102,24,0,29,44.583607256412506,0.43709418878835793
81,81,81,81,81,81,81,81,81,81,81,81,81,81,1-7682,18,21,1-7682,141,11,0,71,61.39434880018234,0.4354209134764705
49,49,49,49,49,49,49,49,49,49,49,49,49,49,1-6974,7,3,1-6974,207,57,0,45,88.94008022546768,0.42966222331143805
272,272,272,272,272,272,272,272,272,272,272,272,272,272,1-19229,15,15,1-19229,38,12,0,6,16.25867736339569,0.42785993061567607
143,143,143,143,143,143,143,143,143,143,143,143,143,143,1-9286,16,8,1-9286,81,31,0,5,34.54889780282974,0.4265296025040709
281,281,281,281,281,281,281,281,281,281,281,281,281,281,1-3312,11,9,1-3312,36,6,0,13,15.22713428735733,0.4229759524265925
154,154,154,154,154,154,154,154,154,154,154,154,154,154,1-9417,11,9,1-9417,76,11,0,29,31.583607256412506,0.4155737796896382
78,78,78,78,78,78,78,78,78,78,78,78,78,78,1-1570,18,21,1-1570,142,7,0,73,58.81390792131424,0.4141824501501003
161,161,161,161,161,161,161,161,161,161,161,161,161,161,1-8285,16,8,1-8285,72,18,0,16,29.356472969055176,0.40772879123687744
57,57,57,57,57,57,57,57,57,57,57,57,57,57,MLG75,4,5,MLG75,185,42,0,47,75.35963934659958,0.40734940187351126
9,9,9,9,9,9,9,9,9,9,9,9,9,9,1-3523,17,7,1-3523,543,108,0,157,219.4353910088539,0.4041167421894179
92,92,92,92,92,92,92,92,92,92,92,92,92,92,1-6980,13,16,1-6980,128,4,0,67,51.55523055791855,0.40277523873373866
431,431,431,431,431,431,431,431,431,431,431,431,431,431,1-8503,10,22,1-8503,16,5,0,2,6.419559121131897,0.40122244507074356
20,20,20,20,20,20,20,20,20,20,20,20,20,20,1-8067,11,9,1-8067,322,48,0,114,128.91486990451813,0.4003567388339072
504,504,504,504,504,504,504,504,504,504,504,504,504,504,1-9861,3,6,1-9861,8,1,0,3,3.1293386816978455,0.3911673352122307
442,442,442,442,442,442,442,442,442,442,442,442,442,442,1-5803,17,7,1-5803,15,3,0,4,5.839118242263794,0.38927454948425294
203,203,203,203,203,203,203,203,203,203,203,203,203,203,1-9938,11,9,1-9938,55,10,0,16,21.356472969055176,0.38829950852827594
75,75,75,75,75,75,75,75,75,75,75,75,75,75,1-2545,4,5,1-2545,145,39,0,24,56.034709453582764,0.3864462720936742
260,260,260,260,260,260,260,260,260,260,260,260,260,260,1-4760,17,7,1-4760,40,4,0,16,15.356472969055176,0.3839118242263794
184,184,184,184,184,184,184,184,184,184,184,184,184,184,1-2701,17,7,1-2701,61,9,0,20,23.19559121131897,0.38025559362817984
414,414,414,414,414,414,414,414,414,414,414,414,414,414,MLG06,3,6,MLG06,18,4,0,4,6.839118242263794,0.37995101345909965
130,130,130,130,130,130,130,130,130,130,130,130,130,130,1-3139,14,11,1-3139,93,8,0,38,34.97162330150604,0.3760389602312478
160,160,160,160,160,160,160,160,160,160,160,160,160,160,1-5197,11,9,1-5197,72,5,0,31,27.003166377544403,0.37504397746589446
439,439,439,439,439,439,439,439,439,439,439,439,439,439,1-4682,2,22,1-4682,16,6,0,0,6.0,0.375
269,269,269,269,269,269,269,269,269,269,269,269,269,269,1-8551,14,11,1-8551,38,5,0,13,14.22713428735733,0.37439827071992976
5,5,5,5,5,5,5,5,5,5,5,5,5,5,MLG57,16,8,MLG57,629,103,0,185,234.30921870470047,0.37251068156550154
211,211,211,211,211,211,211,211,211,211,211,211,211,211,1-8042,1,13,1-8042,52,3,0,23,19.324929893016815,0.3716332671734003
228,228,228,228,228,228,228,228,228,228,228,228,228,228,MLG60,4,5,MLG60,47,11,0,9,17.388016045093536,0.3699577881934795
386,386,386,386,386,386,386,386,386,386,386,386,386,386,1-4855,16,8,1-4855,22,6,0,3,8.129338681697845,0.36951539462262933
43,43,43,43,43,43,43,43,43,43,43,43,43,43,MLG14,12,10,MLG14,232,77,0,12,85.51735472679138,0.3686092876154801
108,108,108,108,108,108,108,108,108,108,108,108,108,108,1-8328,17,7,1-8328,114,29,0,18,41.77603209018707,0.36645642184374627
319,319,319,319,319,319,319,319,319,319,319,319,319,319,1-18935,17,7,1-18935,30,6,0,7,10.96845692396164,0.3656152307987213
371,371,371,371,371,371,371,371,371,371,371,371,371,371,1-6035,19,20,1-6035,23,2,0,9,8.388016045093536,0.3646963497866755
65,65,65,65,65,65,65,65,65,65,65,65,65,65,1-4319,11,9,1-4319,163,21,0,54,59.32809627056122,0.3639760507396394
56,56,56,56,56,56,56,56,56,56,56,56,56,56,1-8427,3,6,1-8427,189,51,0,25,68.74448901414871,0.36372745510131593
176,176,176,176,176,176,176,176,176,176,176,176,176,176,1-6561,18,21,1-6561,65,3,0,29,23.583607256412506,0.36282472702173085
26,26,26,26,26,26,26,26,26,26,26,26,26,26,1-18558,17,7,1-18558,307,51,0,85,111.33126264810562,0.36264254934236356
22,22,22,22,22,22,22,22,22,22,22,22,22,22,MLG50,12,10,MLG50,319,111,0,6,115.25867736339569,0.36131246822381097
124,124,124,124,124,124,124,124,124,124,124,124,124,124,1-0292,21,18,1-0292,99,20,0,22,35.61515033245087,0.3597489932570795
61,61,61,61,61,61,61,61,61,61,61,61,61,61,1-6927,11,9,1-6927,179,26,0,54,64.32809627056122,0.359374839500342
332,332,332,332,332,332,332,332,332,332,332,332,332,332,P-16616,2,14,P-16616,28,10,0,0,10.0,0.35714285714285715
37,37,37,37,37,37,37,37,37,37,37,37,37,37,1-5775,12,10,1-5775,244,80,0,10,87.09779560565948,0.3569581787117192
58,58,58,58,58,58,58,58,58,58,58,58,58,58,MLG49,20,19,MLG49,185,24,0,59,65.87699407339096,0.35609185985616737
165,165,165,165,165,165,165,165,165,165,165,165,165,165,MLG59,10,22,MLG59,71,21,0,6,25.25867736339569,0.35575601920275624
166,166,166,166,166,166,166,166,166,166,166,166,166,166,MLG58,12,10,MLG58,71,21,0,6,25.25867736339569,0.35575601920275624
556,556,556,556,556,556,556,556,556,556,556,556,556,556,1-9455,1,13,1-9455,2,0,0,1,0.7097795605659485,0.35488978028297424
157,157,157,157,157,157,157,157,157,157,157,157,157,157,1-17733,11,9,1-17733,74,11,0,21,25.905370771884918,0.3500725779984448
356,356,356,356,356,356,356,356,356,356,356,356,356,356,1-18613,15,15,1-18613,25,8,0,1,8.709779560565948,0.34839118242263795
448,448,448,448,448,448,448,448,448,448,448,448,448,448,MLG42,16,15,MLG42,14,2,0,4,4.839118242263794,0.34565130301884245
55,55,55,55,55,55,55,55,55,55,55,55,55,55,1-1462,14,11,1-1462,192,11,0,78,66.36280572414398,0.34563961314658326
77,77,77,77,77,77,77,77,77,77,77,77,77,77,1-9674,11,9,1-9674,144,22,0,39,49.68140286207199,0.34500974209772217
244,244,244,244,244,244,244,244,244,244,244,244,244,244,1-19448,4,5,1-19448,45,7,0,12,15.517354726791382,0.3448301050398085
328,328,328,328,328,328,328,328,328,328,328,328,328,328,1-9110,17,7,1-9110,29,5,0,7,9.96845692396164,0.3437398939297117
213,213,213,213,213,213,213,213,213,213,213,213,213,213,1-6227,17,10,1-6227,52,15,0,4,17.839118242263794,0.34305996619738066
227,227,227,227,227,227,227,227,227,227,227,227,227,227,1-1957,16,8,1-1957,47,9,0,10,16.097795605659485,0.3425062894821167
354,354,354,354,354,354,354,354,354,354,354,354,354,354,1-7530,2,14,1-7530,25,5,0,5,8.548897802829742,0.3419559121131897
535,535,535,535,535,535,535,535,535,535,535,535,535,535,1-8566,5,23,1-8566,5,1,0,1,1.7097795605659485,0.3419559121131897
53,53,53,53,53,53,53,53,53,53,53,53,53,53,1-8341,14,11,1-8341,197,15,0,73,66.81390792131424,0.33915689300159513
507,507,507,507,507,507,507,507,507,507,507,507,507,507,1-9643,16,8,1-9643,8,2,0,1,2.7097795605659485,0.33872244507074356
183,183,183,183,183,183,183,183,183,183,183,183,183,183,1-19915,3,6,1-19915,62,11,0,14,20.93691384792328,0.3376921588374722
62,62,62,62,62,62,62,62,62,62,62,62,62,62,1-6878,10,22,1-6878,167,40,0,23,56.324929893016815,0.33727502929950187
91,91,91,91,91,91,91,91,91,91,91,91,91,91,1-9270,19,20,1-9270,128,24,0,26,42.45426857471466,0.3316739732399583
138,138,138,138,138,138,138,138,138,138,138,138,138,138,1-4640,7,3,1-4640,87,16,0,18,28.776032090187073,0.33075898954238014
232,232,232,232,232,232,232,232,232,232,232,232,232,232,1-8095,14,11,1-8095,46,1,0,20,15.19559121131897,0.33033893937649933
327,327,327,327,327,327,327,327,327,327,327,327,327,327,1-8988,12,10,1-8988,29,6,0,5,9.548897802829742,0.32927233802861183
217,217,217,217,217,217,217,217,217,217,217,217,217,217,1-9770,15,15,1-9770,50,5,0,16,16.356472969055176,0.3271294593811035
338,338,338,338,338,338,338,338,338,338,338,338,338,338,1-3589,13,16,1-3589,27,1,0,11,8.807575166225433,0.326206487637979
122,122,122,122,122,122,122,122,122,122,122,122,122,122,1-9404,11,9,1-9404,100,12,0,29,32.583607256412506,0.32583607256412506
112,112,112,112,112,112,112,112,112,112,112,112,112,112,1-3447,13,16,1-3447,110,6,0,42,35.810741543769836,0.32555219585245304
129,129,129,129,129,129,129,129,129,129,129,129,129,129,1-4531,14,11,1-4531,94,5,0,36,30.552064180374146,0.3250219593656824
83,83,83,83,83,83,83,83,83,83,83,83,83,83,MLG13,14,11,MLG13,140,10,0,50,45.488978028297424,0.3249212716306959
412,412,412,412,412,412,412,412,412,412,412,412,412,412,1-0055,16,8,1-0055,18,3,0,4,5.839118242263794,0.3243954579035441
169,169,169,169,169,169,169,169,169,169,169,169,169,169,1-7268,16,8,1-7268,70,17,0,8,22.678236484527588,0.3239748069218227
14,14,14,14,14,14,14,14,14,14,14,14,14,14,1-1317,11,9,1-1317,414,19,0,162,133.98428881168365,0.32363354785430837
297,297,297,297,297,297,297,297,297,297,297,297,297,297,1-9630,21,18,1-9630,33,5,0,8,10.678236484527588,0.3235829237735633
63,63,63,63,63,63,63,63,63,63,63,63,63,63,1-3052,14,11,1-3052,166,15,0,54,53.32809627056122,0.32125359199133263
216,216,216,216,216,216,216,216,216,216,216,216,216,216,1-8397,19,20,1-8397,51,7,0,13,16.22713428735733,0.31817910367367314
156,156,156,156,156,156,156,156,156,156,156,156,156,156,1-2294,8,9,1-2294,75,11,0,18,23.776032090187073,0.3170137612024943
266,266,266,266,266,266,266,266,266,266,266,266,266,266,1-9496,11,9,1-9496,39,1,0,16,12.356472969055176,0.316832640232184
450,450,450,450,450,450,450,450,450,450,450,450,450,450,1-11206,4,5,1-11206,14,3,0,2,4.419559121131897,0.31568279436656405
351,351,351,351,351,351,351,351,351,351,351,351,351,351,1-2324,16,8,1-2324,25,5,0,4,7.839118242263794,0.31356472969055177
85,85,85,85,85,85,85,85,85,85,85,85,85,85,1-1131,10,22,1-1131,138,35,0,11,42.80757516622543,0.3101998200451118
406,406,406,406,406,406,406,406,406,406,406,406,406,406,1-3265,17,7,1-3265,19,3,0,4,5.839118242263794,0.307322012750726
403,403,403,403,403,403,403,403,403,403,403,403,403,403,72-12171,19,20,72-12171,19,3,0,4,5.839118242263794,0.307322012750726
195,195,195,195,195,195,195,195,195,195,195,195,195,195,1-9379,21,18,1-9379,58,10,0,11,17.807575166225433,0.30702715803836955
246,246,246,246,246,246,246,246,246,246,246,246,246,246,1-6538,2,14,1-6538,44,7,0,9,13.388016045093536,0.30427309193394403
510,510,510,510,510,510,510,510,510,510,510,510,510,510,1-10444,18,21,1-10444,8,1,0,2,2.419559121131897,0.3024448901414871
123,123,123,123,123,123,123,123,123,123,123,123,123,123,1-11350,3,6,1-11350,100,6,0,34,30.13250505924225,0.3013250505924225
126,126,126,126,126,126,126,126,126,126,126,126,126,126,1-6693,6,4,1-6693,98,11,0,26,29.45426857471466,0.3005537609664761
276,276,276,276,276,276,276,276,276,276,276,276,276,276,1-2573,14,11,1-2573,37,4,0,10,11.097795605659485,0.2999404217745807
98,98,98,98,98,98,98,98,98,98,98,98,98,98,1-5043,19,20,1-5043,123,17,0,28,36.87382769584656,0.2997872170394029
7,7,7,7,7,7,7,7,7,7,7,7,7,7,MLG69,3,6,MLG69,576,49,0,174,172.50164353847504,0.2994820200320747
300,300,300,300,300,300,300,300,300,300,300,300,300,300,1-18709,6,4,1-18709,33,2,0,11,9.807575166225433,0.29719924746137677
215,215,215,215,215,215,215,215,215,215,215,215,215,215,MLG40,15,15,MLG40,51,8,0,10,15.097795605659485,0.29603520795410754
222,222,222,222,222,222,222,222,222,222,222,222,222,222,1-8705,18,21,1-8705,48,7,0,10,14.097795605659485,0.2937040751179059
349,349,349,349,349,349,349,349,349,349,349,349,349,349,1-8186,17,7,1-8186,26,4,0,5,7.548897802829742,0.2903422231857593
336,336,336,336,336,336,336,336,336,336,336,336,336,336,1-9655,5,23,1-9655,27,0,0,11,7.807575166225433,0.28916945060094196
89,89,89,89,89,89,89,89,89,89,89,89,89,89,1-9831,11,9,1-9831,132,19,0,27,38.16404813528061,0.28912157678242884
0,0,0,0,0,0,0,0,0,0,0,0,0,0,1-6098,6,4,1-6098,1327,155,0,319,381.41967982053757,0.28743005261532595
34,34,34,34,34,34,34,34,34,34,34,34,34,34,MLG51,8,2,MLG51,248,45,0,37,71.2618437409401,0.2873461441166939
86,86,86,86,86,86,86,86,86,86,86,86,86,86,1-8910,19,20,1-8910,137,18,0,30,39.293386816978455,0.28681304245969674
131,131,131,131,131,131,131,131,131,131,131,131,131,131,1-9925,11,9,1-9925,93,6,0,29,26.583607256412506,0.2858452393162635
99,99,99,99,99,99,99,99,99,99,99,99,99,99,1-8826,14,11,1-8826,123,11,0,34,35.13250505924225,0.2856301224328638
526,526,526,526,526,526,526,526,526,526,526,526,526,526,1-9836,1,13,1-9836,5,0,0,2,1.419559121131897,0.2839118242263794
97,97,97,97,97,97,97,97,97,97,97,97,97,97,1-1833,2,14,1-1833,124,16,0,27,35.16404813528061,0.28358103334903717
270,270,270,270,270,270,270,270,270,270,270,270,270,270,1-9651,10,22,1-9651,38,10,0,1,10.709779560565948,0.2818363042254197
125,125,125,125,125,125,125,125,125,125,125,125,125,125,1-1390,7,3,1-1390,98,19,0,12,27.517354726791382,0.28078933394685085
38,38,38,38,38,38,38,38,38,38,38,38,38,38,1-4649,13,16,1-4649,244,11,0,81,68.49214440584183,0.2807055098600075
278,278,278,278,278,278,278,278,278,278,278,278,278,278,1-7845,2,14,1-7845,36,5,0,7,9.96845692396164,0.27690158122115666
347,347,347,347,347,347,347,347,347,347,347,347,347,347,1-7204,18,21,1-7204,26,0,0,10,7.097795605659485,0.27299213867921096
271,271,271,271,271,271,271,271,271,271,271,271,271,271,1-5508,14,11,1-5508,38,1,0,13,10.22713428735733,0.2691351128251929
230,230,230,230,230,230,230,230,230,230,230,230,230,230,1-9345,17,7,1-9345,47,2,0,15,12.646693408489227,0.26907858315934524
458,458,458,458,458,458,458,458,458,458,458,458,458,458,1-9667,16,8,1-9667,14,3,0,1,3.7097795605659485,0.2649842543261392
334,334,334,334,334,334,334,334,334,334,334,334,334,334,1-18994,8,2,1-18994,28,6,0,2,7.419559121131897,0.2649842543261392
286,286,286,286,286,286,286,286,286,286,286,286,286,286,1-1770,19,20,1-1770,35,5,0,6,9.258677363395691,0.2645336389541626
277,277,277,277,277,277,277,277,277,277,277,277,277,277,1-10060,21,18,1-10060,36,1,0,12,9.517354726791382,0.26437096463309395
258,258,258,258,258,258,258,258,258,258,258,258,258,258,1-17758,15,15,1-17758,40,7,0,5,10.548897802829742,0.26372244507074355
69,69,69,69,69,69,69,69,69,69,69,69,69,69,MLG17,3,6,MLG17,153,14,0,37,40.261843740940094,0.26314930549634047
462,462,462,462,462,462,462,462,462,462,462,462,462,462,1-4052,19,20,1-4052,13,2,0,2,3.419559121131897,0.26304300931783825
357,357,357,357,357,357,357,357,357,357,357,357,357,357,1-9650,11,9,1-9650,25,3,0,5,6.548897802829742,0.2619559121131897
146,146,146,146,146,146,146,146,146,146,146,146,146,146,MLG78,21,18,MLG78,80,6,0,21,20.905370771884918,0.2613171346485615
473,473,473,473,473,473,473,473,473,473,473,473,473,473,1-5161,3,6,1-5161,12,1,0,3,3.1293386816978455,0.26077822347482044
224,224,224,224,224,224,224,224,224,224,224,224,224,224,1-9277,21,18,1-9277,48,4,0,12,12.517354726791382,0.26077822347482044
474,474,474,474,474,474,474,474,474,474,474,474,474,474,1-18004,12,10,1-18004,12,1,0,3,3.1293386816978455,0.26077822347482044
120,120,120,120,120,120,120,120,120,120,120,120,120,120,1-2670,11,9,1-2670,104,0,0,38,26.971623301506042,0.2593425317452504
100,100,100,100,100,100,100,100,100,100,100,100,100,100,1-5172,2,14,1-5172,120,24,0,10,31.097795605659485,0.25914829671382905
30,30,30,30,30,30,30,30,30,30,30,30,30,30,1-10785,1,13,1-10785,279,9,0,89,72.17038089036942,0.25867520032390473
440,440,440,440,440,440,440,440,440,440,440,440,440,440,1-2034,6,4,1-2034,16,2,0,3,4.1293386816978455,0.25808366760611534
261,261,261,261,261,261,261,261,261,261,261,261,261,261,1-5214,21,18,1-5214,40,1,0,13,10.22713428735733,0.2556783571839333
373,373,373,373,373,373,373,373,373,373,373,373,373,373,1-8488,21,2,1-8488,23,3,0,4,5.839118242263794,0.2538747061853823
372,372,372,372,372,372,372,372,372,372,372,372,372,372,1-9553,19,20,1-9553,23,3,0,4,5.839118242263794,0.2538747061853823
155,155,155,155,155,155,155,155,155,155,155,155,155,155,1-8157,1,15,1-8157,75,19,0,0,19.0,0.25333333333333335
384,384,384,384,384,384,384,384,384,384,384,384,384,384,1-0358,16,8,1-0358,22,2,0,5,5.548897802829742,0.25222262740135193
265,265,265,265,265,265,265,265,265,265,265,265,265,265,1-1204,21,18,1-1204,39,2,0,11,9.807575166225433,0.25147628631347263
324,324,324,324,324,324,324,324,324,324,324,324,324,324,1-5515,17,7,1-5515,29,3,0,6,7.258677363395691,0.2502992194274376
299,299,299,299,299,299,299,299,299,299,299,299,299,299,MLG31,13,16,MLG31,33,4,0,6,8.258677363395691,0.25026295040593005
545,545,545,545,545,545,545,545,545,545,545,545,545,545,1-4926,15,6,1-4926,4,1,0,0,1.0,0.25
441,441,441,441,441,441,441,441,441,441,441,441,441,441,1-9997,2,14,1-9997,16,4,0,0,4.0,0.25
24,24,24,24,24,24,24,24,24,24,24,24,24,24,1-3535,2,14,1-3535,315,41,0,53,78.61831670999527,0.2495819578095088
132,132,132,132,132,132,132,132,132,132,132,132,132,132,MLG55,20,19,MLG55,92,20,0,4,22.839118242263794,0.24825128524199777
236,236,236,236,236,236,236,236,236,236,236,236,236,236,1-9794,20,19,1-9794,46,10,0,2,11.419559121131897,0.24825128524199777
2,2,2,2,2,2,2,2,2,2,2,2,2,2,1-6240,16,8,1-6240,698,117,0,78,172.36280572414398,0.24693811708330082
378,378,378,378,378,378,378,378,378,378,378,378,378,378,1-9518,7,3,1-9518,22,4,0,2,5.419559121131897,0.2463435964150862
298,298,298,298,298,298,298,298,298,298,298,298,298,298,1-7481,15,15,1-7481,33,6,0,3,8.129338681697845,0.2463435964150862
79,79,79,79,79,79,79,79,79,79,79,79,79,79,1-0129,19,20,1-0129,142,22,0,18,34.77603209018707,0.24490163443793714
425,425,425,425,425,425,425,425,425,425,425,425,425,425,1-0003,21,18,1-0003,17,2,0,3,4.1293386816978455,0.2429022753939909
179,179,179,179,179,179,179,179,179,179,179,179,179,179,1-7467,12,10,1-7467,64,7,0,12,15.517354726791382,0.24245866760611534
463,463,463,463,463,463,463,463,463,463,463,463,463,463,1-20467,5,23,1-20467,13,1,0,3,3.1293386816978455,0.2407183601306035
326,326,326,326,326,326,326,326,326,326,326,326,326,326,1-0027,21,18,1-0027,29,2,0,7,6.968456923961639,0.24029161806764274
54,54,54,54,54,54,54,54,54,54,54,54,54,54,1-1350,18,21,1-1350,195,22,0,35,46.8422846198082,0.2402168442041446
429,429,429,429,429,429,429,429,429,429,429,429,429,429,1-9452,21,18,1-9452,16,1,0,4,3.839118242263794,0.23994489014148712
142,142,142,142,142,142,142,142,142,142,142,142,142,142,1-8084,6,4,1-8084,82,9,0,15,19.646693408489227,0.23959382205474666
379,379,379,379,379,379,379,379,379,379,379,379,379,379,1-7182,18,21,1-7182,22,1,0,6,5.258677363395691,0.23903078924525867
141,141,141,141,141,141,141,141,141,141,141,141,141,141,1-8820,11,9,1-8820,83,7,0,18,19.776032090187073,0.23826544686972376
231,231,231,231,231,231,231,231,231,231,231,231,231,231,1-7991,1,13,1-7991,46,1,0,14,10.936913847923279,0.23775899669398431
28,28,28,28,28,28,28,28,28,28,28,28,28,28,1-7005,14,11,1-7005,285,20,0,67,67.55523055791855,0.23703589669445105
550,550,550,550,550,550,550,550,550,550,550,550,550,550,1-3176,1,13,1-3176,3,0,0,1,0.7097795605659485,0.23659318685531616
478,478,478,478,478,478,478,478,478,478,478,478,478,478,1-20012,1,13,1-20012,12,0,0,4,2.839118242263794,0.23659318685531616
411,411,411,411,411,411,411,411,411,411,411,411,411,411,1-8124,12,10,1-8124,18,0,0,6,4.258677363395691,0.23659318685531616
219,219,219,219,219,219,219,219,219,219,219,219,219,219,1-2400,7,3,1-2400,49,8,0,5,11.548897802829742,0.23569179189448453
417,417,417,417,417,417,417,417,417,417,417,417,417,417,1-5425,12,10,1-5425,17,4,0,0,4.0,0.23529411764705882
296,296,296,296,296,296,296,296,296,296,296,296,296,296,1-0205,14,11,1-0205,34,3,0,7,7.968456923961639,0.2343663801165188
190,190,190,190,190,190,190,190,190,190,190,190,190,190,1-7819,17,7,1-7819,59,6,0,11,13.807575166225433,0.23402669773263446
153,153,153,153,153,153,153,153,153,153,153,153,153,153,1-9516,14,11,1-9516,76,4,0,19,17.48581165075302,0.23007646908885554
212,212,212,212,212,212,212,212,212,212,212,212,212,212,MLG32,21,18,MLG32,52,4,0,11,11.807575166225433,0.22706875319664294
106,106,106,106,106,106,106,106,106,106,106,106,106,106,1-9963,19,20,1-9963,116,10,0,23,26.324929893016815,0.2269390508018691
420,420,420,420,420,420,420,420,420,420,420,420,420,420,1-8678,1,13,1-8678,17,1,0,4,3.839118242263794,0.2258304848390467
352,352,352,352,352,352,352,352,352,352,352,352,352,352,1-2297,11,9,1-2297,25,2,0,5,5.548897802829742,0.22195591211318969
87,87,87,87,87,87,87,87,87,87,87,87,87,87,1-3141,19,20,1-3141,136,11,0,27,30.16404813528061,0.22179447158294566
392,392,392,392,392,392,392,392,392,392,392,392,392,392,MLG33,20,19,MLG33,20,3,0,2,4.419559121131897,0.22097795605659484
76,76,76,76,76,76,76,76,76,76,76,76,76,76,1-2335,20,19,1-2335,145,22,0,14,31.93691384792328,0.22025457826153985
365,365,365,365,365,365,365,365,365,365,365,365,365,365,1-8590,13,16,1-8590,24,1,0,6,5.258677363395691,0.21911155680815378
401,401,401,401,401,401,401,401,401,401,401,401,401,401,1-8100,5,23,1-8100,19,2,0,3,4.1293386816978455,0.2173336148262024
208,208,208,208,208,208,208,208,208,208,208,208,208,208,1-5355,18,21,1-5355,53,3,0,12,11.517354726791382,0.2173085797507808
221,221,221,221,221,221,221,221,221,221,221,221,221,221,1-4355,3,6,1-4355,49,0,0,15,10.646693408489227,0.21727945731610668
387,387,387,387,387,387,387,387,387,387,387,387,387,387,1-9436,7,3,1-9436,21,1,0,5,4.548897802829742,0.2166141810871306
288,288,288,288,288,288,288,288,288,288,288,288,288,288,1-9761,7,3,1-9761,35,4,0,5,7.548897802829742,0.21568279436656407
488,488,488,488,488,488,488,488,488,488,488,488,488,488,1-9576,4,5,1-9576,10,0,0,3,2.1293386816978455,0.21293386816978455
119,119,119,119,119,119,119,119,119,119,119,119,119,119,1-9646,17,7,1-9646,105,1,0,30,22.293386816978455,0.2123179696855091
239,239,239,239,239,239,239,239,239,239,239,239,239,239,1-5002,6,4,1-5002,45,6,0,5,9.548897802829742,0.21219772895177205
177,177,177,177,177,177,177,177,177,177,177,177,177,177,1-9498,19,20,1-9498,64,10,0,5,13.548897802829742,0.21170152816921473
355,355,355,355,355,355,355,355,355,355,355,355,355,355,1-4747,1,13,1-4747,25,1,0,6,5.258677363395691,0.21034709453582764
185,185,185,185,185,185,185,185,185,185,185,185,185,185,1-2714,21,18,1-2714,61,0,0,18,12.776032090187073,0.2094431490194602
39,39,39,39,39,39,39,39,39,39,39,39,39,39,1-9768,7,3,1-9768,241,17,0,47,50.35963934659958,0.20896115911452107
235,235,235,235,235,235,235,235,235,235,235,235,235,235,1-1989,18,21,1-1989,46,6,0,5,9.548897802829742,0.20758473484412485
136,136,136,136,136,136,136,136,136,136,136,136,136,136,1-1769,11,9,1-1769,89,12,0,9,18.388016045093536,0.20660692185498356
407,407,407,407,407,407,407,407,407,407,407,407,407,407,1-9549,10,22,1-9549,18,3,0,1,3.7097795605659485,0.20609886447588602
256,256,256,256,256,256,256,256,256,256,256,256,256,256,1-0296,2,14,1-0296,41,7,0,2,8.419559121131897,0.20535510051541211
358,358,358,358,358,358,358,358,358,358,358,358,358,358,1-8627,5,23,1-8627,25,3,0,3,5.1293386816978455,0.20517354726791381
151,151,151,151,151,151,151,151,151,151,151,151,151,151,MLG38,21,18,MLG38,77,3,0,18,15.776032090187073,0.20488353363879316
32,32,32,32,32,32,32,32,32,32,32,32,32,32,1-7874,14,11,1-7874,258,25,0,39,52.68140286207199,0.20419148396151934
289,289,289,289,289,289,289,289,289,289,289,289,289,289,1-5549,12,10,1-5549,35,5,0,3,7.1293386816978455,0.20369539090565272
111,111,111,111,111,111,111,111,111,111,111,111,111,111,1-0272,5,23,1-0272,111,2,0,29,22.583607256412506,0.2034559212289415
257,257,257,257,257,257,257,257,257,257,257,257,257,257,1-19286,12,10,1-19286,40,6,0,3,8.129338681697845,0.20323346704244613
511,511,511,511,511,511,511,511,511,511,511,511,511,511,1-3033,17,7,1-3033,7,0,0,2,1.419559121131897,0.20279416016169957
515,515,515,515,515,515,515,515,515,515,515,515,515,515,1-3646,17,7,1-3646,7,0,0,2,1.419559121131897,0.20279416016169957
512,512,512,512,512,512,512,512,512,512,512,512,512,512,1-5799,18,21,1-5799,7,0,0,2,1.419559121131897,0.20279416016169957
13,13,13,13,13,13,13,13,13,13,13,13,13,13,1-1258,1,13,1-1258,435,17,0,100,87.97795605659485,0.2022481748427468
249,249,249,249,249,249,249,249,249,249,249,249,249,249,1-6916,14,11,1-6916,43,3,0,8,8.678236484527588,0.20181945312854854
468,468,468,468,468,468,468,468,468,468,468,468,468,468,1-9946,16,9,1-9946,12,1,0,2,2.419559121131897,0.20162992676099142
80,80,80,80,80,80,80,80,80,80,80,80,80,80,1-0053,6,4,1-0053,142,8,0,29,28.583607256412506,0.2012930088479754
489,489,489,489,489,489,489,489,489,489,489,489,489,489,1-7521,20,19,1-7521,10,2,0,0,2.0,0.2
495,495,495,495,495,495,495,495,495,495,495,495,495,495,1-9712,10,22,1-9712,10,2,0,0,2.0,0.2
487,487,487,487,487,487,487,487,487,487,487,487,487,487,1-4929,11,22,1-4929,10,2,0,0,2.0,0.2
331,331,331,331,331,331,331,331,331,331,331,331,331,331,1-5981,3,6,1-5981,28,2,0,5,5.548897802829742,0.19817492152963365
410,410,410,410,410,410,410,410,410,410,410,410,410,410,1-3108,1,13,1-3108,18,0,0,5,3.5488978028297424,0.1971609890460968
267,267,267,267,267,267,267,267,267,267,267,267,267,267,1-5413,18,21,1-5413,39,2,0,8,7.678236484527588,0.19687785857763046
25,25,25,25,25,25,25,25,25,25,25,25,25,25,1-18028,3,6,1-18028,309,43,0,25,60.74448901414871,0.19658410684190522
93,93,93,93,93,93,93,93,93,93,93,93,93,93,MLG52,8,2,MLG52,125,21,0,5,24.548897802829742,0.19639118242263795
238,238,238,238,238,238,238,238,238,238,238,238,238,238,1-4390,14,11,1-4390,45,1,0,11,8.807575166225433,0.1957238925827874
434,434,434,434,434,434,434,434,434,434,434,434,434,434,1-4149,14,11,1-4149,16,1,0,3,3.1293386816978455,0.19558366760611534
186,186,186,186,186,186,186,186,186,186,186,186,186,186,1-19004,21,18,1-19004,60,1,0,15,11.646693408489227,0.19411155680815378
451,451,451,451,451,451,451,451,451,451,451,451,451,451,1-11329,8,2,1-11329,14,2,0,1,2.7097795605659485,0.19355568289756775
454,454,454,454,454,454,454,454,454,454,454,454,454,454,1-5913,9,1,1-5913,14,2,0,1,2.7097795605659485,0.19355568289756775
105,105,105,105,105,105,105,105,105,105,105,105,105,105,1-7042,14,11,1-7042,117,2,0,29,22.583607256412506,0.19302228424284193
376,376,376,376,376,376,376,376,376,376,376,376,376,376,1-18487,19,20,1-18487,23,3,0,2,4.419559121131897,0.192154744397039
325,325,325,325,325,325,325,325,325,325,325,325,325,325,1-9338,11,9,1-9338,29,2,0,5,5.548897802829742,0.1913413035458532
68,68,68,68,68,68,68,68,68,68,68,68,68,68,1-1015,8,2,1-1015,155,21,0,12,29.517354726791382,0.19043454662446052
201,201,201,201,201,201,201,201,201,201,201,201,201,201,1-8529,1,13,1-8529,56,0,0,15,10.646693408489227,0.19011952515159333
101,101,101,101,101,101,101,101,101,101,101,101,101,101,1-18371,20,19,1-18371,120,17,0,8,22.678236484527588,0.1889853040377299
263,263,263,263,263,263,263,263,263,263,263,263,263,263,1-6061,6,4,1-6061,40,4,0,5,7.548897802829742,0.18872244507074357
11,11,11,11,11,11,11,11,11,11,11,11,11,11,MLG56,8,2,MLG56,511,62,0,48,96.06941890716553,0.18800277672635132
47,47,47,47,47,47,47,47,47,47,47,47,47,47,1-0303,1,13,1-0303,212,10,0,42,39.810741543769836,0.18778651671589547
430,430,430,430,430,430,430,430,430,430,430,430,430,430,1-8023,10,22,1-8023,16,3,0,0,3.0,0.1875
174,174,174,174,174,174,174,174,174,174,174,174,174,174,MLG41,21,18,MLG41,66,1,0,16,12.356472969055176,0.1872192874099269
19,19,19,19,19,19,19,19,19,19,19,19,19,19,1-7863,1,13,1-7863,351,8,0,81,65.49214440584183,0.18658730599954937
423,423,423,423,423,423,423,423,423,423,423,423,423,423,MLG46,19,20,MLG46,17,1,0,3,3.1293386816978455,0.1840787459822262
148,148,148,148,148,148,148,148,148,148,148,148,148,148,1-0278,18,21,1-0278,79,6,0,12,14.517354726791382,0.1837639838834352
159,159,159,159,159,159,159,159,159,159,159,159,159,159,1-6914,20,19,1-6914,73,9,0,6,13.258677363395691,0.18162571730679028
118,118,118,118,118,118,118,118,118,118,118,118,118,118,MLG15,4,5,MLG15,105,14,0,7,18.96845692396164,0.18065197070439656
104,104,104,104,104,104,104,104,104,104,104,104,104,104,1-9394,20,19,1-9394,117,13,0,11,20.807575166225433,0.17784252278825158
400,400,400,400,400,400,400,400,400,400,400,400,400,400,1-8646,6,4,1-8646,20,0,0,5,3.5488978028297424,0.17744489014148712
501,501,501,501,501,501,501,501,501,501,501,501,501,501,1-18563,1,13,1-18563,8,0,0,2,1.419559121131897,0.17744489014148712
503,503,503,503,503,503,503,503,503,503,503,503,503,503,1-5531,10,11,1-5531,8,0,0,2,1.419559121131897,0.17744489014148712
544,544,544,544,544,544,544,544,544,544,544,544,544,544,1-4910,1,13,1-4910,4,0,0,1,0.7097795605659485,0.17744489014148712
268,268,268,268,268,268,268,268,268,268,268,268,268,268,1-8493,12,10,1-8493,38,6,0,1,6.7097795605659485,0.17657314633068286
48,48,48,48,48,48,48,48,48,48,48,48,48,48,MLG30,9,1,MLG30,208,21,0,22,36.61515033245087,0.17603437659832147
94,94,94,94,94,94,94,94,94,94,94,94,94,94,1-1005,6,4,1-1005,125,12,0,14,21.93691384792328,0.17549531078338623
31,31,31,31,31,31,31,31,31,31,31,31,31,31,1-9156,15,15,1-9156,268,28,0,26,46.45426857471466,0.17333682303998008
449,449,449,449,449,449,449,449,449,449,449,449,449,449,MLG43,21,18,MLG43,14,1,0,2,2.419559121131897,0.17282565150942122
456,456,456,456,456,456,456,456,456,456,456,456,456,456,1-7995,17,7,1-7995,14,1,0,2,2.419559121131897,0.17282565150942122
150,150,150,150,150,150,150,150,150,150,150,150,150,150,1-3083,17,7,1-3083,78,2,0,16,13.356472969055176,0.17123683293660483
395,395,395,395,395,395,395,395,395,395,395,395,395,395,1-1836,12,10,1-1836,20,2,0,2,3.419559121131897,0.17097795605659485
381,381,381,381,381,381,381,381,381,381,381,381,381,381,1-9752,21,18,1-9752,22,3,0,1,3.7097795605659485,0.16862634366208856
242,242,242,242,242,242,242,242,242,242,242,242,242,242,1-3206,8,2,1-3206,45,4,0,5,7.548897802829742,0.1677532845073276
46,46,46,46,46,46,46,46,46,46,46,46,46,46,1-2282,13,16,1-2282,219,11,0,36,36.552064180374146,0.16690440265011025
475,475,475,475,475,475,475,475,475,475,475,475,475,475,1-4499,10,22,1-4499,12,2,0,0,2.0,0.16666666666666666
521,521,521,521,521,521,521,521,521,521,521,521,521,521,1-3551,6,10,1-3551,6,1,0,0,1.0,0.16666666666666666
12,12,12,12,12,12,12,12,12,12,12,12,12,12,1-7024,1,13,1-7024,498,24,0,83,82.91170352697372,0.16648936451199542
229,229,229,229,229,229,229,229,229,229,229,229,229,229,1-18423,13,16,1-18423,47,0,0,11,7.807575166225433,0.16611862055798796
135,135,135,135,135,135,135,135,135,135,135,135,135,135,MLG07,14,11,MLG07,90,0,0,21,14.905370771884918,0.1656152307987213
350,350,350,350,350,350,350,350,350,350,350,350,350,350,1-9609,9,1,1-9609,25,2,0,3,4.1293386816978455,0.1651735472679138
385,385,385,385,385,385,385,385,385,385,385,385,385,385,1-18615,16,16,1-18615,22,0,0,5,3.5488978028297424,0.16131353649226102
189,189,189,189,189,189,189,189,189,189,189,189,189,189,MLG10,8,2,MLG10,60,4,0,8,9.678236484527588,0.16130394140879314
42,42,42,42,42,42,42,42,42,42,42,42,42,42,1-8541,13,16,1-8541,232,6,0,44,37.23030066490173,0.1604754339004385
359,359,359,359,359,359,359,359,359,359,359,359,359,359,1-7839,17,7,1-7839,24,1,0,4,3.839118242263794,0.15996326009432474
163,163,163,163,163,163,163,163,163,163,163,163,163,163,1-6692,21,18,1-6692,71,0,0,16,11.356472969055176,0.15995032350781938
426,426,426,426,426,426,426,426,426,426,426,426,426,426,1-3639,17,7,1-3639,17,2,0,1,2.7097795605659485,0.15939879768034992
302,302,302,302,302,302,302,302,302,302,302,302,302,302,1-9500,1,13,1-9500,33,1,0,6,5.258677363395691,0.1593538594968391
29,29,29,29,29,29,29,29,29,29,29,29,29,29,1-3534,10,22,1-3534,279,15,0,41,44.10096198320389,0.15806796409750498
343,343,343,343,343,343,343,343,343,343,343,343,343,343,MLG67,1,13,MLG67,27,0,0,6,4.258677363395691,0.15772879123687744
497,497,497,497,497,497,497,497,497,497,497,497,497,497,MLG72,21,18,MLG72,9,0,0,2,1.419559121131897,0.15772879123687744
280,280,280,280,280,280,280,280,280,280,280,280,280,280,1-8314,1,13,1-8314,36,0,0,8,5.678236484527588,0.15772879123687744
283,283,283,283,283,283,283,283,283,283,283,283,283,283,1-6909,1,13,1-6909,36,0,0,8,5.678236484527588,0.15772879123687744
193,193,193,193,193,193,193,193,193,193,193,193,193,193,1-8094,3,6,1-8094,58,2,0,10,9.097795605659485,0.15685854492516355
88,88,88,88,88,88,88,88,88,88,88,88,88,88,1-8267,21,18,1-8267,133,8,0,18,20.776032090187073,0.15621076759539151
482,482,482,482,482,482,482,482,482,482,482,482,482,482,1-9457,13,11,1-9457,11,1,0,1,1.7097795605659485,0.15543450550599533
345,345,345,345,345,345,345,345,345,345,345,345,345,345,1-3584,19,5,1-3584,26,4,0,0,4.0,0.15384615384615385
452,452,452,452,452,452,452,452,452,452,452,452,452,452,1-9588,14,11,1-9588,14,0,0,3,2.1293386816978455,0.15209562012127467
316,316,316,316,316,316,316,316,316,316,316,316,316,316,1-8181,6,4,1-8181,30,1,0,5,4.548897802829742,0.1516299267609914
40,40,40,40,40,40,40,40,40,40,40,40,40,40,1-7807,5,23,1-7807,239,17,0,27,36.16404813528061,0.1513140089342285
436,436,436,436,436,436,436,436,436,436,436,436,436,436,1-9115,18,21,1-9115,16,1,0,2,2.419559121131897,0.15122244507074356
285,285,285,285,285,285,285,285,285,285,285,285,285,285,1-9887,9,1,1-9887,36,4,0,2,5.419559121131897,0.15054330892033047
72,72,72,72,72,72,72,72,72,72,72,72,72,72,1-9497,6,4,1-9497,150,9,0,19,22.48581165075302,0.14990541100502014
389,389,389,389,389,389,389,389,389,389,389,389,389,389,1-7842,5,23,1-7842,21,1,0,3,3.1293386816978455,0.14901612769989742
115,115,115,115,115,115,115,115,115,115,115,115,115,115,1-8421,19,20,1-8421,109,7,0,13,16.22713428735733,0.14887279162713146
70,70,70,70,70,70,70,70,70,70,70,70,70,70,1-1224,20,19,1-1224,151,16,0,9,22.388016045093536,0.14826500692114924
171,171,171,171,171,171,171,171,171,171,171,171,171,171,1-9645,21,18,1-9645,69,1,0,13,10.22713428735733,0.1482193374979323
223,223,223,223,223,223,223,223,223,223,223,223,223,223,1-6228,14,16,1-6228,48,0,0,10,7.097795605659485,0.1478707417845726
294,294,294,294,294,294,294,294,294,294,294,294,294,294,1-3106,8,2,1-3106,34,5,0,0,5.0,0.14705882352941177
18,18,18,18,18,18,18,18,18,18,18,18,18,18,MLG63,2,14,MLG63,380,47,0,12,55.51735472679138,0.1460983019126089
514,514,514,514,514,514,514,514,514,514,514,514,514,514,P-0009,4,5,P-0009,7,1,0,0,1.0,0.14285714285714285
513,513,513,513,513,513,513,513,513,513,513,513,513,513,1-5530,21,18,1-5530,7,1,0,0,1.0,0.14285714285714285
470,470,470,470,470,470,470,470,470,470,470,470,470,470,1-9055,4,5,1-9055,12,1,0,1,1.7097795605659485,0.14248163004716238
421,421,421,421,421,421,421,421,421,421,421,421,421,421,1-5282,21,18,1-5282,17,1,0,2,2.419559121131897,0.1423270071254057
416,416,416,416,416,416,416,416,416,416,416,416,416,416,1-9907,18,21,1-9907,17,1,0,2,2.419559121131897,0.1423270071254057
295,295,295,295,295,295,295,295,295,295,295,295,295,295,1-1942,14,16,1-1942,34,2,0,4,4.839118242263794,0.1423270071254057
293,293,293,293,293,293,293,293,293,293,293,293,293,293,1-1250,2,14,1-1250,34,2,0,4,4.839118242263794,0.1423270071254057
337,337,337,337,337,337,337,337,337,337,337,337,337,337,1-6532,21,18,1-6532,27,1,0,4,3.839118242263794,0.14218956452828865
304,304,304,304,304,304,304,304,304,304,304,304,304,304,1-1592,5,23,1-1592,32,1,0,5,4.548897802829742,0.14215305633842945
447,447,447,447,447,447,447,447,447,447,447,447,447,447,1-9971,1,13,1-9971,15,0,0,3,2.1293386816978455,0.1419559121131897
491,491,491,491,491,491,491,491,491,491,491,491,491,491,1-5555,21,18,1-5555,10,0,0,2,1.419559121131897,0.1419559121131897
534,534,534,534,534,534,534,534,534,534,534,534,534,534,1-8379,21,18,1-8379,5,0,0,1,0.7097795605659485,0.1419559121131897
445,445,445,445,445,445,445,445,445,445,445,445,445,445,1-5654,17,16,1-5654,15,0,0,3,2.1293386816978455,0.1419559121131897
493,493,493,493,493,493,493,493,493,493,493,493,493,493,1-0033,6,4,1-0033,10,0,0,2,1.419559121131897,0.1419559121131897
532,532,532,532,532,532,532,532,532,532,532,532,532,532,1-4136,1,13,1-4136,5,0,0,1,0.7097795605659485,0.1419559121131897
537,537,537,537,537,537,537,537,537,537,537,537,537,537,1-5990,5,23,1-5990,5,0,0,1,0.7097795605659485,0.1419559121131897
446,446,446,446,446,446,446,446,446,446,446,446,446,446,1-19447,21,18,1-19447,15,0,0,3,2.1293386816978455,0.1419559121131897
530,530,530,530,530,530,530,530,530,530,530,530,530,530,1-3647,1,13,1-3647,5,0,0,1,0.7097795605659485,0.1419559121131897
444,444,444,444,444,444,444,444,444,444,444,444,444,444,1-8906,14,11,1-8906,15,0,0,3,2.1293386816978455,0.1419559121131897
317,317,317,317,317,317,317,317,317,317,317,317,317,317,1-9504,8,2,1-9504,30,0,0,6,4.258677363395691,0.1419559121131897
529,529,529,529,529,529,529,529,529,529,529,529,529,529,1-5424,21,18,1-5424,5,0,0,1,0.7097795605659485,0.1419559121131897
95,95,95,95,95,95,95,95,95,95,95,95,95,95,1-5626,1,13,1-5626,125,2,0,22,17.615150332450867,0.14092120265960692
73,73,73,73,73,73,73,73,73,73,73,73,73,73,MLG12,1,13,MLG12,146,1,0,27,20.16404813528061,0.1381099187347987
10,10,10,10,10,10,10,10,10,10,10,10,10,10,MLG62,12,10,MLG62,525,50,0,31,72.0031663775444,0.13714888833817981
237,237,237,237,237,237,237,237,237,237,237,237,237,237,1-8418,3,6,1-8418,46,2,0,6,6.258677363395691,0.13605820355208023
247,247,247,247,247,247,247,247,247,247,247,247,247,247,1-6734,1,13,1-6734,44,1,0,7,5.968456923961639,0.13564674827185544
194,194,194,194,194,194,194,194,194,194,194,194,194,194,1-8018,21,18,1-8018,58,2,0,8,7.678236484527588,0.13238338766426877
162,162,162,162,162,162,162,162,162,162,162,162,162,162,1-7614,13,16,1-7614,72,1,0,12,9.517354726791382,0.13218548231654698
344,344,344,344,344,344,344,344,344,344,344,344,344,344,1-2103,21,18,1-2103,26,2,0,2,3.419559121131897,0.13152150465891913
90,90,90,90,90,90,90,90,90,90,90,90,90,90,1-7070,18,21,1-7070,129,7,0,14,16.93691384792328,0.13129390579785488
206,206,206,206,206,206,206,206,206,206,206,206,206,206,1-8544,18,21,1-8544,54,7,0,0,7.0,0.12962962962962962
329,329,329,329,329,329,329,329,329,329,329,329,329,329,1-5980,6,4,1-5980,29,3,0,1,3.7097795605659485,0.12792343312296375
404,404,404,404,404,404,404,404,404,404,404,404,404,404,1-20578,11,1,1-20578,19,1,0,2,2.419559121131897,0.1273452169016788
74,74,74,74,74,74,74,74,74,74,74,74,74,74,1-8074,20,19,1-8074,145,12,0,9,18.388016045093536,0.12681390375926577
181,181,181,181,181,181,181,181,181,181,181,181,181,181,MLG84,4,5,MLG84,63,3,0,7,7.968456923961639,0.12648344323748634
419,419,419,419,419,419,419,419,419,419,419,419,419,419,1-0001,14,11,1-0001,17,0,0,3,2.1293386816978455,0.1252552165704615
422,422,422,422,422,422,422,422,422,422,422,422,422,422,1-7536,18,21,1-7536,17,0,0,3,2.1293386816978455,0.1252552165704615
428,428,428,428,428,428,428,428,428,428,428,428,428,428,1-9606,6,4,1-9606,16,2,0,0,2.0,0.125
505,505,505,505,505,505,505,505,505,505,505,505,505,505,1-9855,11,1,1-9855,8,1,0,0,1.0,0.125
152,152,152,152,152,152,152,152,152,152,152,152,152,152,1-10038,2,14,1-10038,76,8,0,2,9.419559121131897,0.12394156738331444
202,202,202,202,202,202,202,202,202,202,202,202,202,202,1-6787,6,4,1-6787,56,4,0,4,6.839118242263794,0.12212711146899632
117,117,117,117,117,117,117,117,117,117,117,117,117,117,1-7019,1,13,1-7019,107,3,0,14,12.936913847923279,0.12090573689647924
27,27,27,27,27,27,27,27,27,27,27,27,27,27,1-1608,15,15,1-1608,307,17,0,28,36.87382769584656,0.1201101879343536
52,52,52,52,52,52,52,52,52,52,52,52,52,52,1-7122,20,19,1-7122,197,13,0,15,23.646693408489227,0.12003397669283872
248,248,248,248,248,248,248,248,248,248,248,248,248,248,1-6217,11,9,1-6217,44,1,0,6,5.258677363395691,0.11951539462262933
472,472,472,472,472,472,472,472,472,472,472,472,472,472,1-1935,4,5,1-1935,12,0,0,2,1.419559121131897,0.11829659342765808
362,362,362,362,362,362,362,362,362,362,362,362,362,362,1-1827,21,18,1-1827,24,0,0,4,2.839118242263794,0.11829659342765808
524,524,524,524,524,524,524,524,524,524,524,524,524,524,1-7525,13,16,1-7525,6,0,0,1,0.7097795605659485,0.11829659342765808
36,36,36,36,36,36,36,36,36,36,36,36,36,36,MLG64,13,16,MLG64,245,4,0,35,28.842284619808197,0.11772361069309469
214,214,214,214,214,214,214,214,214,214,214,214,214,214,1-8450,20,19,1-8450,52,6,0,0,6.0,0.11538461538461539
196,196,196,196,196,196,196,196,196,196,196,196,196,196,1-6743,19,20,1-6743,58,1,0,8,6.678236484527588,0.11514200835392394
3,3,3,3,3,3,3,3,3,3,3,3,3,3,1-6181,9,1,1-6181,659,49,0,37,75.2618437409401,0.11420613617745083
147,147,147,147,147,147,147,147,147,147,147,147,147,147,1-2423,9,1,1-2423,79,4,0,7,8.96845692396164,0.11352477118938784
116,116,116,116,116,116,116,116,116,116,116,116,116,116,MLG08,3,6,MLG08,107,5,0,10,12.097795605659485,0.11306351033326621
301,301,301,301,301,301,301,301,301,301,301,301,301,301,1-8400,18,21,1-8400,33,3,0,1,3.7097795605659485,0.11241756244139238
405,405,405,405,405,405,405,405,405,405,405,405,405,405,1-9607,1,13,1-9607,19,0,0,3,2.1293386816978455,0.11207045693146556
107,107,107,107,107,107,107,107,107,107,107,107,107,107,MLG37,15,15,MLG37,116,3,0,14,12.936913847923279,0.11152511937864895
133,133,133,133,133,133,133,133,133,133,133,133,133,133,MLG53,1,13,MLG53,91,3,0,10,10.097795605659485,0.11096478687537896
241,241,241,241,241,241,241,241,241,241,241,241,241,241,1-6216,14,11,1-6216,45,0,0,7,4.968456923961639,0.11041015386581421
467,467,467,467,467,467,467,467,467,467,467,467,467,467,1-0031,11,9,1-0031,13,0,0,2,1.419559121131897,0.10919685547168438
346,346,346,346,346,346,346,346,346,346,346,346,346,346,1-9805,1,13,1-9805,26,0,0,4,2.839118242263794,0.10919685547168438
234,234,234,234,234,234,234,234,234,234,234,234,234,234,1-10451,1,13,1-10451,46,0,0,7,4.968456923961639,0.10800993312960086
432,432,432,432,432,432,432,432,432,432,432,432,432,432,1-3089,20,19,1-3089,16,1,0,1,1.7097795605659485,0.10686122253537178
427,427,427,427,427,427,427,427,427,427,427,427,427,427,1-3104,13,16,1-3104,16,1,0,1,1.7097795605659485,0.10686122253537178
435,435,435,435,435,435,435,435,435,435,435,435,435,435,1-4494,21,18,1-4494,16,1,0,1,1.7097795605659485,0.10686122253537178
399,399,399,399,399,399,399,399,399,399,399,399,399,399,1-19813,1,13,1-19813,20,0,0,3,2.1293386816978455,0.10646693408489227
369,369,369,369,369,369,369,369,369,369,369,369,369,369,MLG39,21,18,MLG39,23,1,0,2,2.419559121131897,0.10519822265790857
66,66,66,66,66,66,66,66,66,66,66,66,66,66,MLG48,19,20,MLG48,159,8,0,12,16.517354726791382,0.1038827341307634
274,274,274,274,274,274,274,274,274,274,274,274,274,274,1-7744,1,13,1-7744,37,1,0,4,3.839118242263794,0.10375995249361605
175,175,175,175,175,175,175,175,175,175,175,175,175,175,1-19547,20,19,1-19547,66,4,0,4,6.839118242263794,0.10362300367066354
128,128,128,128,128,128,128,128,128,128,128,128,128,128,1-7897,20,19,1-7897,95,9,0,1,9.709779560565948,0.1022082059006942
455,455,455,455,455,455,455,455,455,455,455,455,455,455,1-18377,10,22,1-18377,14,0,0,2,1.419559121131897,0.10139708008084979
308,308,308,308,308,308,308,308,308,308,308,308,308,308,1-4700,18,21,1-4700,31,1,0,3,3.1293386816978455,0.10094640908702728
360,360,360,360,360,360,360,360,360,360,360,360,360,360,1-7993,1,13,1-7993,24,1,0,2,2.419559121131897,0.10081496338049571
35,35,35,35,35,35,35,35,35,35,35,35,35,35,1-7496,5,23,1-7496,246,12,0,18,24.776032090187073,0.10071557760238647
391,391,391,391,391,391,391,391,391,391,391,391,391,391,72-18936,5,23,72-18936,20,2,0,0,2.0,0.1
393,393,393,393,393,393,393,393,393,393,393,393,393,393,1-6718,2,14,1-6718,20,2,0,0,2.0,0.1
315,315,315,315,315,315,315,315,315,315,315,315,315,315,1-9614,8,2,1-9614,30,3,0,0,3.0,0.1
114,114,114,114,114,114,114,114,114,114,114,114,114,114,1-7152,5,23,1-7152,109,5,0,8,10.678236484527588,0.09796547233511549
305,305,305,305,305,305,305,305,305,305,305,305,305,305,1-8127,12,10,1-8127,32,1,0,3,3.1293386816978455,0.09779183380305767
149,149,149,149,149,149,149,149,149,149,149,149,149,149,1-5877,4,5,1-5877,79,2,0,8,7.678236484527588,0.09719286689275428
209,209,209,209,209,209,209,209,209,209,209,209,209,209,1-19897,4,5,1-19897,53,3,0,3,5.1293386816978455,0.09677997512637444
309,309,309,309,309,309,309,309,309,309,309,309,309,309,1-9185,2,14,1-9185,31,3,0,0,3.0,0.0967741935483871
233,233,233,233,233,233,233,233,233,233,233,233,233,233,1-3587,5,23,1-3587,46,3,0,2,4.419559121131897,0.0960773721985195
140,140,140,140,140,140,140,140,140,140,140,140,140,140,1-8066,9,1,1-8066,86,4,0,6,8.258677363395691,0.09603113213250804
322,322,322,322,322,322,322,322,322,322,322,322,322,322,1-19549,2,14,1-19549,29,2,0,1,2.7097795605659485,0.09344067450227408
96,96,96,96,96,96,96,96,96,96,96,96,96,96,MLG09,18,21,MLG09,125,1,0,15,11.646693408489227,0.09317354726791381
137,137,137,137,137,137,137,137,137,137,137,137,137,137,1-6611,5,23,1-6611,89,4,0,6,8.258677363395691,0.09279412767860327
275,275,275,275,275,275,275,275,275,275,275,275,275,275,1-4020,15,15,1-4020,37,2,0,2,3.419559121131897,0.09242051678734857
243,243,243,243,243,243,243,243,243,243,243,243,243,243,1-19166,21,18,1-19166,45,2,0,3,4.1293386816978455,0.09176308181550767
16,16,16,16,16,16,16,16,16,16,16,16,16,16,1-7140,9,1,1-7140,397,22,0,20,36.19559121131897,0.0911727738320377
382,382,382,382,382,382,382,382,382,382,382,382,382,382,1-18409,15,15,1-18409,22,2,0,0,2.0,0.09090909090909091
377,377,377,377,377,377,377,377,377,377,377,377,377,377,1-9892,20,19,1-9892,22,2,0,0,2.0,0.09090909090909091
311,311,311,311,311,311,311,311,311,311,311,311,311,311,1-8938,10,22,1-8938,30,2,0,1,2.7097795605659485,0.09032598535219828
109,109,109,109,109,109,109,109,109,109,109,109,109,109,1-7441,1,15,1-7441,111,10,0,0,10.0,0.09009009009009009
506,506,506,506,506,506,506,506,506,506,506,506,506,506,1-17657,1,13,1-17657,8,0,0,1,0.7097795605659485,0.08872244507074356
59,59,59,59,59,59,59,59,59,59,59,59,59,59,1-8573,21,18,1-8573,184,2,0,20,16.19559121131897,0.08801951745282048
17,17,17,17,17,17,17,17,17,17,17,17,17,17,1-7004,5,23,1-7004,381,27,0,9,33.388016045093536,0.08763258804486493
199,199,199,199,199,199,199,199,199,199,199,199,199,199,1-20167,6,4,1-20167,56,2,0,4,4.839118242263794,0.08641282575471061
418,418,418,418,418,418,418,418,418,418,418,418,418,418,1-17835,8,2,1-17835,17,0,0,2,1.419559121131897,0.083503477713641
182,182,182,182,182,182,182,182,182,182,182,182,182,182,1-6647,20,19,1-6647,62,5,0,0,5.0,0.08064516129032258
226,226,226,226,226,226,226,226,226,226,226,226,226,226,1-4634,7,3,1-4634,48,1,0,4,3.839118242263794,0.07998163004716237
245,245,245,245,245,245,245,245,245,245,245,245,245,245,1-1183,21,18,1-1183,45,0,0,5,3.5488978028297424,0.07886439561843872
498,498,498,498,498,498,498,498,498,498,498,498,498,498,1-8113,1,13,1-8113,9,0,0,1,0.7097795605659485,0.07886439561843872
284,284,284,284,284,284,284,284,284,284,284,284,284,284,1-2584,11,9,1-2584,36,0,0,4,2.839118242263794,0.07886439561843872
290,290,290,290,290,290,290,290,290,290,290,290,290,290,1-3509,9,1,1-3509,35,2,0,1,2.7097795605659485,0.0774222731590271
466,466,466,466,466,466,466,466,466,466,466,466,466,466,1-9416,16,23,1-9416,13,1,0,0,1.0,0.07692307692307693
330,330,330,330,330,330,330,330,330,330,330,330,330,330,1-9818,1,13,1-9818,28,0,0,3,2.1293386816978455,0.07604781006063734
44,44,44,44,44,44,44,44,44,44,44,44,44,44,1-0008,7,3,1-0008,230,16,0,2,17.419559121131897,0.07573721357013868
253,253,253,253,253,253,253,253,253,253,253,253,253,253,1-9578,8,2,1-9578,42,1,0,3,3.1293386816978455,0.07450806384994871
370,370,370,370,370,370,370,370,370,370,370,370,370,370,1-7066,18,21,1-7066,23,1,0,1,1.7097795605659485,0.07433824176373689
82,82,82,82,82,82,82,82,82,82,82,82,82,82,1-8188,21,18,1-8188,140,4,0,9,10.388016045093536,0.07420011460781098
255,255,255,255,255,255,255,255,255,255,255,255,255,255,1-3564,2,14,1-3564,41,3,0,0,3.0,0.07317073170731707
264,264,264,264,264,264,264,264,264,264,264,264,264,264,1-8928,21,18,1-8928,39,0,0,4,2.839118242263794,0.07279790364778958
204,204,204,204,204,204,204,204,204,204,204,204,204,204,1-8576,20,19,1-8576,55,4,0,0,4.0,0.07272727272727272
394,394,394,394,394,394,394,394,394,394,394,394,394,394,1-9697,19,20,1-9697,20,0,0,2,1.419559121131897,0.07097795605659485
173,173,173,173,173,173,173,173,173,173,173,173,173,173,1-1207,13,6,1-1207,66,1,0,5,4.548897802829742,0.06892269398226883
388,388,388,388,388,388,388,388,388,388,388,388,388,388,1-8125,13,16,1-8125,21,0,0,2,1.419559121131897,0.0675980533872332
314,314,314,314,314,314,314,314,314,314,314,314,314,314,1-4088,11,9,1-4088,30,2,0,0,2.0,0.06666666666666667
71,71,71,71,71,71,71,71,71,71,71,71,71,71,1-4417,9,1,1-4417,151,5,0,7,9.96845692396164,0.0660162710196135
348,348,348,348,348,348,348,348,348,348,348,348,348,348,1-3087,18,8,1-3087,26,1,0,1,1.7097795605659485,0.06576075232945956
205,205,205,205,205,205,205,205,205,205,205,205,205,205,1-8398,21,18,1-8398,54,0,0,5,3.5488978028297424,0.06572032968203227
103,103,103,103,103,103,103,103,103,103,103,103,103,103,1-3362,5,23,1-3362,117,2,0,8,7.678236484527588,0.06562595285921015
158,158,158,158,158,158,158,158,158,158,158,158,158,158,1-9808,9,1,1-9808,74,2,0,4,4.839118242263794,0.06539348976032154
481,481,481,481,481,481,481,481,481,481,481,481,481,481,1-7770,18,21,1-7770,11,0,0,1,0.7097795605659485,0.0645254145969044
21,21,21,21,21,21,21,21,21,21,21,21,21,21,MLG02,9,1,MLG02,320,12,0,12,20.517354726791382,0.06411673352122307
33,33,33,33,33,33,33,33,33,33,33,33,33,33,1-6296,9,1,1-6296,254,6,0,14,15.936913847923279,0.06274375530678457
438,438,438,438,438,438,438,438,438,438,438,438,438,438,1-5163,21,18,1-5163,16,1,0,0,1.0,0.0625
375,375,375,375,375,375,375,375,375,375,375,375,375,375,1-7213,7,3,1-7213,23,0,0,2,1.419559121131897,0.061719961788343346
477,477,477,477,477,477,477,477,477,477,477,477,477,477,1-8222,9,1,1-8222,12,0,0,1,0.7097795605659485,0.05914829671382904
471,471,471,471,471,471,471,471,471,471,471,471,471,471,1-19205,9,1,1-19205,12,0,0,1,0.7097795605659485,0.05914829671382904
187,187,187,187,187,187,187,187,187,187,187,187,187,187,1-9955,5,23,1-9955,60,0,0,5,3.5488978028297424,0.05914829671382904
220,220,220,220,220,220,220,220,220,220,220,220,220,220,MLG35,13,16,MLG35,49,0,0,4,2.839118242263794,0.057941188617628446
291,291,291,291,291,291,291,291,291,291,291,291,291,291,1-0037,21,18,1-0037,35,2,0,0,2.0,0.05714285714285714
164,164,164,164,164,164,164,164,164,164,164,164,164,164,72-0103,14,11,72-0103,71,1,0,4,3.839118242263794,0.05407208791920837
172,172,172,172,172,172,172,172,172,172,172,172,172,172,1-6900,1,13,1-6900,67,0,0,5,3.5488978028297424,0.05296862392283198
341,341,341,341,341,341,341,341,341,341,341,341,341,341,1-9870,6,4,1-9870,27,0,0,2,1.419559121131897,0.052576263745625816
67,67,67,67,67,67,67,67,67,67,67,67,67,67,1-3516,5,23,1-3516,156,3,0,7,7.968456923961639,0.051079852076677174
453,453,453,453,453,453,453,453,453,453,453,453,453,453,1-5036,9,1,1-5036,14,0,0,1,0.7097795605659485,0.05069854004042489
457,457,457,457,457,457,457,457,457,457,457,457,457,457,1-11330,14,16,1-11330,14,0,0,1,0.7097795605659485,0.05069854004042489
397,397,397,397,397,397,397,397,397,397,397,397,397,397,1-9839,2,14,1-9839,20,1,0,0,1.0,0.05
262,262,262,262,262,262,262,262,262,262,262,262,262,262,1-8172,18,21,1-8172,40,2,0,0,2.0,0.05
312,312,312,312,312,312,312,312,312,312,312,312,312,312,1-1850,4,23,1-1850,30,0,0,2,1.419559121131897,0.04731863737106323
443,443,443,443,443,443,443,443,443,443,443,443,443,443,1-19222,1,13,1-19222,15,0,0,1,0.7097795605659485,0.04731863737106323
307,307,307,307,307,307,307,307,307,307,307,307,307,307,1-9739,18,21,1-9739,31,0,0,2,1.419559121131897,0.04579222971393216
273,273,273,273,273,273,273,273,273,273,273,273,273,273,1-9237,21,18,1-9237,38,1,0,1,1.7097795605659485,0.044994198962261804
437,437,437,437,437,437,437,437,437,437,437,437,437,437,1-4098,9,1,1-4098,16,0,0,1,0.7097795605659485,0.04436122253537178
433,433,433,433,433,433,433,433,433,433,433,433,433,433,1-20641,5,23,1-20641,16,0,0,1,0.7097795605659485,0.04436122253537178
167,167,167,167,167,167,167,167,167,167,167,167,167,167,72-12387,1,13,72-12387,71,1,0,3,3.1293386816978455,0.04407519269996966
292,292,292,292,292,292,292,292,292,292,292,292,292,292,1-9740,21,18,1-9740,34,0,0,2,1.419559121131897,0.0417517388568205
60,60,60,60,60,60,60,60,60,60,60,60,60,60,1-3068,5,23,1-3068,180,1,0,9,7.388016045093536,0.04104453358385298
218,218,218,218,218,218,218,218,218,218,218,218,218,218,1-9610,2,14,1-9610,49,2,0,0,2.0,0.04081632653061224
134,134,134,134,134,134,134,134,134,134,134,134,134,134,1-8659,21,18,1-8659,91,3,0,1,3.7097795605659485,0.040766808357867564
102,102,102,102,102,102,102,102,102,102,102,102,102,102,1-17907,5,23,1-17907,119,2,0,4,4.839118242263794,0.04066485917868735
170,170,170,170,170,170,170,170,170,170,170,170,170,170,1-6594,14,11,1-6594,70,0,0,4,2.839118242263794,0.04055883203233991
250,250,250,250,250,250,250,250,250,250,250,250,250,250,1-18234,9,1,1-18234,43,1,0,1,1.7097795605659485,0.039762315361998805
408,408,408,408,408,408,408,408,408,408,408,408,408,408,1-9495,11,21,1-9495,18,0,0,1,0.7097795605659485,0.03943219780921936
409,409,409,409,409,409,409,409,409,409,409,409,409,409,1-5744,9,1,1-5744,18,0,0,1,0.7097795605659485,0.03943219780921936
279,279,279,279,279,279,279,279,279,279,279,279,279,279,1-6642,6,4,1-6642,36,0,0,2,1.419559121131897,0.03943219780921936
402,402,402,402,402,402,402,402,402,402,402,402,402,402,1-18603,1,13,1-18603,19,0,0,1,0.7097795605659485,0.03735681897715518
396,396,396,396,396,396,396,396,396,396,396,396,396,396,1-7721,7,3,1-7721,20,0,0,1,0.7097795605659485,0.035488978028297424
113,113,113,113,113,113,113,113,113,113,113,113,113,113,1-7341,6,4,1-7341,110,1,0,4,3.839118242263794,0.03490107492967085
320,320,320,320,320,320,320,320,320,320,320,320,320,320,1-18203,20,19,1-18203,29,1,0,0,1.0,0.034482758620689655
110,110,110,110,110,110,110,110,110,110,110,110,110,110,1-9137,20,19,1-9137,111,3,0,1,3.7097795605659485,0.03342143748257611
252,252,252,252,252,252,252,252,252,252,252,252,252,252,1-6918,7,23,1-6918,43,0,0,2,1.419559121131897,0.03301300281702086
380,380,380,380,380,380,380,380,380,380,380,380,380,380,1-9722,18,21,1-9722,22,0,0,1,0.7097795605659485,0.0322627072984522
210,210,210,210,210,210,210,210,210,210,210,210,210,210,1-1191,5,23,1-1191,53,1,0,1,1.7097795605659485,0.03225999170879148
178,178,178,178,178,178,178,178,178,178,178,178,178,178,1-0405,8,2,1-0405,64,2,0,0,2.0,0.03125
361,361,361,361,361,361,361,361,361,361,361,361,361,361,1-10696,21,18,1-10696,24,0,0,1,0.7097795605659485,0.02957414835691452
287,287,287,287,287,287,287,287,287,287,287,287,287,287,1-2596,17,7,1-2596,35,1,0,0,1.0,0.02857142857142857
139,139,139,139,139,139,139,139,139,139,139,139,139,139,MLG11,11,23,MLG11,87,1,0,2,2.419559121131897,0.027811024380826402
50,50,50,50,50,50,50,50,50,50,50,50,50,50,1-7964,9,1,1-7964,202,4,0,2,5.419559121131897,0.026829500599662857
342,342,342,342,342,342,342,342,342,342,342,342,342,342,1-6531,9,1,1-6531,27,0,0,1,0.7097795605659485,0.026288131872812908
339,339,339,339,339,339,339,339,339,339,339,339,339,339,1-9850,21,18,1-9850,27,0,0,1,0.7097795605659485,0.026288131872812908
259,259,259,259,259,259,259,259,259,259,259,259,259,259,1-7509,21,18,1-7509,40,1,0,0,1.0,0.025
321,321,321,321,321,321,321,321,321,321,321,321,321,321,1-7752,21,18,1-7752,29,0,0,1,0.7097795605659485,0.024475157260894775
310,310,310,310,310,310,310,310,310,310,310,310,310,310,1-10071,18,21,1-10071,30,0,0,1,0.7097795605659485,0.023659318685531616
306,306,306,306,306,306,306,306,306,306,306,306,306,306,1-1972,21,18,1-1972,32,0,0,1,0.7097795605659485,0.02218061126768589
303,303,303,303,303,303,303,303,303,303,303,303,303,303,1-18714,8,2,1-18714,32,0,0,1,0.7097795605659485,0.02218061126768589
197,197,197,197,197,197,197,197,197,197,197,197,197,197,1-6006,20,19,1-6006,57,1,0,0,1.0,0.017543859649122806
251,251,251,251,251,251,251,251,251,251,251,251,251,251,1-6919,4,4,1-6919,43,0,0,1,0.7097795605659485,0.01650650140851043
240,240,240,240,240,240,240,240,240,240,240,240,240,240,1-8174,1,13,1-8174,45,0,0,1,0.7097795605659485,0.015772879123687744
225,225,225,225,225,225,225,225,225,225,225,225,225,225,1-8767,21,18,1-8767,48,0,0,1,0.7097795605659485,0.01478707417845726
207,207,207,207,207,207,207,207,207,207,207,207,207,207,1-8622,9,1,1-8622,54,0,0,1,0.7097795605659485,0.013144065936406454
188,188,188,188,188,188,188,188,188,188,188,188,188,188,1-7722,19,20,1-7722,60,0,0,1,0.7097795605659485,0.011829659342765808
499,499,499,499,499,499,499,499,499,499,499,499,499,499,1-17645,18,21,1-17645,9,0,0,0,0.0,0.0
548,548,548,548,548,548,548,548,548,548,548,548,548,548,1-5914,19,20,1-5914,3,0,0,0,0.0,0.0
282,282,282,282,282,282,282,282,282,282,282,282,282,282,1-2104,1,13,1-2104,36,0,0,0,0.0,0.0
518,518,518,518,518,518,518,518,518,518,518,518,518,518,1-4842,21,18,1-4842,6,0,0,0,0.0,0.0
536,536,536,536,536,536,536,536,536,536,536,536,536,536,1-10232,8,2,1-10232,5,0,0,0,0.0,0.0
318,318,318,318,318,318,318,318,318,318,318,318,318,318,1-9902,9,1,1-9902,30,0,0,0,0.0,0.0
508,508,508,508,508,508,508,508,508,508,508,508,508,508,1-9806,9,1,1-9806,8,0,0,0,0.0,0.0
560,560,560,560,560,560,560,560,560,560,560,560,560,560,1-19924,1,13,1-19924,1,0,0,0,0.0,0.0
353,353,353,353,353,353,353,353,353,353,353,353,353,353,1-9331,1,13,1-9331,25,0,0,0,0.0,0.0
363,363,363,363,363,363,363,363,363,363,363,363,363,363,1-5167,13,10,1-5167,24,0,0,0,0.0,0.0
552,552,552,552,552,552,552,552,552,552,552,552,552,552,1-19568,4,5,1-19568,2,0,0,0,0.0,0.0
502,502,502,502,502,502,502,502,502,502,502,502,502,502,72-11994,9,1,72-11994,8,0,0,0,0.0,0.0
413,413,413,413,413,413,413,413,413,413,413,413,413,413,1-0022,1,13,1-0022,18,0,0,0,0.0,0.0
522,522,522,522,522,522,522,522,522,522,522,522,522,522,1-3178,1,13,1-3178,6,0,0,0,0.0,0.0
424,424,424,424,424,424,424,424,424,424,424,424,424,424,1-1177,8,2,1-1177,17,0,0,0,0.0,0.0
383,383,383,383,383,383,383,383,383,383,383,383,383,383,1-3521,21,23,1-3521,22,0,0,0,0.0,0.0
523,523,523,523,523,523,523,523,523,523,523,523,523,523,1-3175,14,5,1-3175,6,0,0,0,0.0,0.0
483,483,483,483,483,483,483,483,483,483,483,483,483,483,1-8578,15,15,1-8578,11,0,0,0,0.0,0.0
335,335,335,335,335,335,335,335,335,335,335,335,335,335,1-18735,7,3,1-18735,27,0,0,0,0.0,0.0
490,490,490,490,490,490,490,490,490,490,490,490,490,490,1-8634,21,18,1-8634,10,0,0,0,0.0,0.0
390,390,390,390,390,390,390,390,390,390,390,390,390,390,1-20003,7,3,1-20003,21,0,0,0,0.0,0.0
254,254,254,254,254,254,254,254,254,254,254,254,254,254,1-2025,13,16,1-2025,41,0,0,0,0.0,0.0
366,366,366,366,366,366,366,366,366,366,366,366,366,366,1-9444,7,3,1-9444,24,0,0,0,0.0,0.0
555,555,555,555,555,555,555,555,555,555,555,555,555,555,1-6028,5,23,1-6028,2,0,0,0,0.0,0.0
367,367,367,367,367,367,367,367,367,367,367,367,367,367,1-9995,9,1,1-9995,24,0,0,0,0.0,0.0
542,542,542,542,542,542,542,542,542,542,542,542,542,542,1-8093,8,2,1-8093,4,0,0,0,0.0,0.0
540,540,540,540,540,540,540,540,540,540,540,540,540,540,1-9733,21,18,1-9733,4,0,0,0,0.0,0.0
559,559,559,559,559,559,559,559,559,559,559,559,559,559,1-10978,1,13,1-10978,1,0,0,0,0.0,0.0
533,533,533,533,533,533,533,533,533,533,533,533,533,533,1-3217,21,18,1-3217,5,0,0,0,0.0,0.0
494,494,494,494,494,494,494,494,494,494,494,494,494,494,1-6971,1,13,1-6971,10,0,0,0,0.0,0.0
520,520,520,520,520,520,520,520,520,520,520,520,520,520,1-10698,11,9,1-10698,6,0,0,0,0.0,0.0
496,496,496,496,496,496,496,496,496,496,496,496,496,496,1-9076,21,18,1-9076,9,0,0,0,0.0,0.0
554,554,554,554,554,554,554,554,554,554,554,554,554,554,1-10948,1,13,1-10948,2,0,0,0,0.0,0.0
200,200,200,200,200,200,200,200,200,200,200,200,200,200,1-8020,1,13,1-8020,56,0,0,0,0.0,0.0
415,415,415,415,415,415,415,415,415,415,415,415,415,415,1-9465,5,23,1-9465,18,0,0,0,0.0,0.0
476,476,476,476,476,476,476,476,476,476,476,476,476,476,1-2178,2,14,1-2178,12,0,0,0,0.0,0.0
541,541,541,541,541,541,541,541,541,541,541,541,541,541,1-8532,20,19,1-8532,4,0,0,0,0.0,0.0
538,538,538,538,538,538,538,538,538,538,538,538,538,538,1-5929,1,13,1-5929,4,0,0,0,0.0,0.0
479,479,479,479,479,479,479,479,479,479,479,479,479,479,1-19598,4,5,1-19598,11,0,0,0,0.0,0.0
480,480,480,480,480,480,480,480,480,480,480,480,480,480,1-5653,9,1,1-5653,11,0,0,0,0.0,0.0
192,192,192,192,192,192,192,192,192,192,192,192,192,192,1-8021,21,18,1-8021,58,0,0,0,0.0,0.0
557,557,557,557,557,557,557,557,557,557,557,557,557,557,1-19927,1,13,1-19927,1,0,0,0,0.0,0.0
525,525,525,525,525,525,525,525,525,525,525,525,525,525,1-3216,4,5,1-3216,5,0,0,0,0.0,0.0
484,484,484,484,484,484,484,484,484,484,484,484,484,484,1-9731,16,8,1-9731,11,0,0,0,0.0,0.0
563,563,563,563,563,563,563,563,563,563,563,563,563,563,1-8352,1,13,1-8352,1,0,0,0,0.0,0.0
561,561,561,561,561,561,561,561,561,561,561,561,561,561,1-21195,1,13,1-21195,1,0,0,0,0.0,0.0
500,500,500,500,500,500,500,500,500,500,500,500,500,500,1-2869,1,13,1-2869,9,0,0,0,0.0,0.0
459,459,459,459,459,459,459,459,459,459,459,459,459,459,1-19839,5,23,1-19839,13,0,0,0,0.0,0.0
313,313,313,313,313,313,313,313,313,313,313,313,313,313,1-8641,5,23,1-8641,30,0,0,0,0.0,0.0
539,539,539,539,539,539,539,539,539,539,539,539,539,539,1-21192,14,23,1-21192,4,0,0,0,0.0,0.0
333,333,333,333,333,333,333,333,333,333,333,333,333,333,1-9996,21,18,1-9996,28,0,0,0,0.0,0.0
517,517,517,517,517,517,517,517,517,517,517,517,517,517,1-7321,8,2,1-7321,7,0,0,0,0.0,0.0
516,516,516,516,516,516,516,516,516,516,516,516,516,516,1-9447,1,13,1-9447,7,0,0,0,0.0,0.0
527,527,527,527,527,527,527,527,527,527,527,527,527,527,1-17790,11,1,1-17790,5,0,0,0,0.0,0.0
564,564,564,564,564,564,564,564,564,564,564,564,564,564,1-7527,4,5,1-7527,1,0,0,0,0.0,0.0
464,464,464,464,464,464,464,464,464,464,464,464,464,464,1-7453,4,5,1-7453,13,0,0,0,0.0,0.0
486,486,486,486,486,486,486,486,486,486,486,486,486,486,1-5406,2,14,1-5406,10,0,0,0,0.0,0.0
492,492,492,492,492,492,492,492,492,492,492,492,492,492,MLG73,9,1,MLG73,10,0,0,0,0.0,0.0
460,460,460,460,460,460,460,460,460,460,460,460,460,460,1-20791,11,9,1-20791,13,0,0,0,0.0,0.0
509,509,509,509,509,509,509,509,509,509,509,509,509,509,P-16454,1,13,P-16454,8,0,0,0,0.0,0.0
546,546,546,546,546,546,546,546,546,546,546,546,546,546,1-9034,21,18,1-9034,3,0,0,0,0.0,0.0
469,469,469,469,469,469,469,469,469,469,469,469,469,469,1-6543,21,18,1-6543,12,0,0,0,0.0,0.0
461,461,461,461,461,461,461,461,461,461,461,461,461,461,1-2153,12,10,1-2153,13,0,0,0,0.0,0.0
485,485,485,485,485,485,485,485,485,485,485,485,485,485,1-4361,1,13,1-4361,10,0,0,0,0.0,0.0
465,465,465,465,465,465,465,465,465,465,465,465,465,465,1-18498,21,18,1-18498,13,0,0,0,0.0,0.0
340,340,340,340,340,340,340,340,340,340,340,340,340,340,1-3519,9,1,1-3519,27,0,0,0,0.0,0.0
398,398,398,398,398,398,398,398,398,398,398,398,398,398,1-20047,5,23,1-20047,20,0,0,0,0.0,0.0
519,519,519,519,519,519,519,519,519,519,519,519,519,519,1-10762,20,19,1-10762,6,0,0,0,0.0,0.0
549,549,549,549,549,549,549,549,549,549,549,549,549,549,1-7599,15,15,1-7599,3,0,0,0,0.0,0.0
547,547,547,547,547,547,547,547,547,547,547,547,547,547,1-9838,20,19,1-9838,3,0,0,0,0.0,0.0
543,543,543,543,543,543,543,543,543,543,543,543,543,543,1-7608,9,1,1-7608,4,0,0,0,0.0,0.0
198,198,198,198,198,198,198,198,198,198,198,198,198,198,1-8401,5,23,1-8401,57,0,0,0,0.0,0.0
562,562,562,562,562,562,562,562,562,562,562,562,562,562,1-6931,1,13,1-6931,1,0,0,0,0.0,0.0
528,528,528,528,528,528,528,528,528,528,528,528,528,528,1-8623,1,13,1-8623,5,0,0,0,0.0,0.0
565,565,565,565,565,565,565,565,565,565,565,565,565,565,1-10922,1,13,1-10922,1,0,0,0,0.0,0.0
551,551,551,551,551,551,551,551,551,551,551,551,551,551,1-19567,14,16,1-19567,2,0,0,0,0.0,0.0
553,553,553,553,553,553,553,553,553,553,553,553,553,553,1-4847,1,13,1-4847,2,0,0,0,0.0,0.0
374,374,374,374,374,374,374,374,374,374,374,374,374,374,1-18202,1,13,1-18202,23,0,0,0,0.0,0.0
531,531,531,531,531,531,531,531,531,531,531,531,531,531,1-4051,1,13,1-4051,5,0,0,0,0.0,0.0
364,364,364,364,364,364,364,364,364,364,364,364,364,364,1-9253,1,13,1-9253,24,0,0,0,0.0,0.0
