Unnamed: 0.1,Unnamed: 0,Exam Group,Exam Block,slot,exam,size,b2bs,confs,2i3s,score,score_norm
346,346,MLG32,1,8,MLG32,52,24,0,9,26.270846128463745,0.5052085793935336
270,270,1-1390,18,19,1-1390,98,41,0,9,43.270846128463745,0.44153924620881374
174,174,MLG38,1,8,MLG38,77,31,0,5,32.26158118247986,0.4189815737984397
166,166,MLG40,7,6,MLG40,51,20,0,5,21.26158118247986,0.41689374867607565
394,394,1-2423,20,22,1-2423,79,25,0,29,32.31717085838318,0.40907811213143264
427,427,1-9379,1,8,1-9379,58,20,0,8,22.018529891967773,0.3796298257235823
389,389,1-0278,7,6,1-0278,79,28,0,7,29.7662136554718,0.37678751462622534
263,263,1-6927,1,8,1-6927,179,60,0,29,67.31717085838318,0.37607358021443116
426,426,1-4355,7,6,1-4355,49,15,0,12,18.02779483795166,0.3679141803663604
479,479,1-9286,16,2,1-9286,81,28,0,0,28.0,0.345679012345679
268,268,MLG44,7,8,MLG44,59,19,0,1,19.25231623649597,0.3263104446863724
65,65,1-8659,6,11,1-8659,91,23,0,25,29.307905912399292,0.32206490013625594
483,483,1-9491,5,16,1-9491,80,21,0,18,25.54169225692749,0.3192711532115936
259,259,1-3596,10,23,1-3596,223,70,0,0,70.0,0.31390134529147984
331,331,MLG75,15,14,MLG75,185,54,0,14,57.5324273109436,0.31098609357266815
342,342,MLG65,18,19,MLG65,201,40,0,87,61.951512575149536,0.3082164804733808
161,161,MLG41,1,8,MLG41,66,18,0,8,20.018529891967773,0.3033110589692087
190,190,1-2382,18,19,1-2382,139,39,0,12,42.02779483795166,0.30235823624425656
506,506,1-6227,7,6,1-6227,52,12,0,14,15.532427310943604,0.2987005252104539
419,419,1-6692,12,15,1-6692,71,16,0,20,21.046324729919434,0.2964271088721047
141,141,MLG45,13,13,MLG45,70,17,0,14,20.532427310943604,0.2933203901563372
322,322,1-0296,10,23,1-0296,41,12,0,0,12.0,0.2926829268292683
429,429,1-6693,13,13,1-6693,98,21,0,30,28.56948709487915,0.291525378519175
383,383,1-8551,7,6,1-8551,38,11,0,0,11.0,0.2894736842105263
537,537,1-4494,16,8,1-4494,16,4,0,2,4.504632472991943,0.28153952956199646
450,450,1-2297,5,16,1-2297,25,6,0,4,7.009264945983887,0.2803705978393555
454,454,1-0272,3,1,1-0272,111,31,0,0,31.0,0.27927927927927926
356,356,1-9761,15,14,1-9761,35,9,0,3,9.756948709487915,0.27876996312822616
352,352,MLG63,7,6,MLG63,380,102,0,14,105.5324273109436,0.2777169139761674
409,409,1-9645,6,11,1-9645,69,4,0,59,18.88665795326233,0.27371968048206274
234,234,MLG29,9,12,MLG29,164,34,0,43,44.84959816932678,0.27347315956906576
488,488,1-11350,14,9,1-11350,100,18,0,34,26.578752040863037,0.26578752040863035
473,473,1-9452,5,10,1-9452,16,4,0,1,4.252316236495972,0.26576976478099823
217,217,1-9630,18,14,1-9630,33,8,0,3,8.756948709487915,0.2653620821056944
364,364,1-7682,16,2,1-7682,141,37,0,0,37.0,0.2624113475177305
184,184,1-8074,1,17,1-8074,145,35,0,10,37.52316236495972,0.2587804301031705
154,154,1-18994,11,18,1-18994,28,5,0,8,7.018529891967773,0.2506617818559919
526,526,1-5002,13,13,1-5002,45,9,0,9,11.270846128463745,0.25046324729919434
311,311,1-20578,18,19,1-20578,19,4,0,3,4.756948709487915,0.25036572155199555
265,265,1-11330,5,16,1-11330,14,3,0,2,3.5046324729919434,0.25033089092799593
515,515,1-6531,7,6,1-6531,27,6,0,3,6.756948709487915,0.25025735961066353
557,557,1-9806,19,17,1-9806,8,2,0,0,2.0,0.25
118,118,1-6543,3,1,1-6543,12,3,0,0,3.0,0.25
511,511,1-9697,16,2,1-9697,20,5,0,0,5.0,0.25
563,563,1-21192,3,1,1-21192,4,1,0,0,1.0,0.25
320,320,MLG13,7,6,MLG13,140,31,0,14,34.5324273109436,0.2466601950781686
272,272,1-1570,17,7,1-1570,142,26,0,35,34.83106827735901,0.2452892132208381
467,467,1-13247,8,20,1-13247,29,0,0,28,7.064854621887207,0.24361567661680025
216,216,1-9887,5,16,1-9887,36,7,0,7,8.766213655471802,0.2435059348742167
300,300,1-4020,9,12,1-4020,37,8,0,4,9.009264945983887,0.2434936471887537
138,138,1-5515,12,15,1-5515,29,5,0,8,7.018529891967773,0.24201827213681978
390,390,MLG64,9,12,MLG64,245,46,0,49,58.36349558830261,0.23821834934001065
540,540,1-5413,9,12,1-5413,39,8,0,5,9.261581182479858,0.23747644057640663
434,434,MLG59,9,12,MLG59,71,14,0,11,16.77547860145569,0.2362743464993759
396,396,1-9963,17,7,1-9963,116,17,0,41,27.34496569633484,0.23573246289943828
552,552,MLG46,1,8,MLG46,17,4,0,0,4.0,0.23529411764705882
522,522,1-5282,3,1,1-5282,17,4,0,0,4.0,0.23529411764705882
239,239,1-7042,3,10,1-7042,117,25,0,10,27.523162364959717,0.23524070397401467
474,474,1-8400,10,9,1-8400,33,7,0,3,7.756948709487915,0.2350590518026641
500,500,1-0292,1,22,1-0292,99,21,0,8,23.018529891967773,0.23251040294916944
333,333,1-11329,5,14,1-11329,14,3,0,1,3.2523162364959717,0.23230830260685512
420,420,1-8172,6,11,1-8172,40,5,0,17,9.289376020431519,0.23223440051078797
401,401,1-7204,6,11,1-7204,26,2,0,16,6.037059783935547,0.23219460707444411
151,151,1-9870,7,6,1-9870,27,6,0,1,6.252316236495972,0.23156726801836933
218,218,1-9416,2,10,1-9416,13,2,0,4,3.0092649459838867,0.23148191892183745
392,392,1-9609,20,13,1-9609,25,4,0,7,5.766213655471802,0.23064854621887207
375,375,MLG14,5,16,MLG14,232,47,0,24,53.05558967590332,0.22868788653406605
210,210,1-7842,14,9,1-7842,21,3,0,7,4.766213655471802,0.22696255502246676
116,116,1-20047,13,13,1-20047,20,1,0,14,4.5324273109436035,0.22662136554718018
539,539,1-9436,13,13,1-9436,21,4,0,3,4.756948709487915,0.22652136711847215
102,102,1-3564,17,7,1-3564,41,8,0,5,9.261581182479858,0.22589222396292338
240,240,MLG33,13,13,MLG33,20,4,0,2,4.504632472991943,0.22523162364959717
560,560,1-0027,1,14,1-0027,29,5,0,6,6.51389741897583,0.2246171523784769
423,423,1-7122,12,15,1-7122,197,4,0,159,44.1182816028595,0.22395066803481978
91,91,72-12171,14,9,72-12171,19,4,0,1,4.252316236495972,0.2238061177103143
144,144,1-7744,9,12,1-7744,37,7,0,5,8.261581182479858,0.22328597790486104
324,324,1-6734,17,7,1-6734,44,6,0,15,9.784743547439575,0.22238053516908127
411,411,MLG15,15,14,MLG15,105,16,0,29,23.31717085838318,0.2220682938893636
203,203,1-1250,11,18,1-1250,34,4,0,14,7.5324273109436035,0.2215419797336354
7,7,1-8767,6,11,1-8767,48,2,0,34,10.578752040863037,0.22039066751797995
142,142,P-16454,6,11,P-16454,8,1,0,3,1.756948709487915,0.21961858868598938
162,162,1-8067,8,20,1-8067,322,51,0,76,70.17603397369385,0.21793799370712374
501,501,1-18487,2,7,1-18487,23,4,0,4,5.009264945983887,0.21779412808625595
459,459,1-2545,7,6,1-2545,145,29,0,10,31.523162364959717,0.21740111975834286
207,207,1-7058,17,7,1-7058,80,4,0,53,17.3727605342865,0.21715950667858125
413,413,1-8314,1,8,1-8314,36,7,0,3,7.756948709487915,0.2154707974857754
153,153,1-1350,16,2,1-1350,195,42,0,0,42.0,0.2153846153846154
264,264,P-0009,2,10,P-0009,7,1,0,2,1.5046324729919434,0.2149474961417062
544,544,1-5799,1,8,1-5799,7,1,0,2,1.5046324729919434,0.2149474961417062
363,363,1-10785,17,7,1-10785,279,25,0,138,59.81964063644409,0.21440731410911862
514,514,1-11206,9,12,1-11206,14,3,0,0,3.0,0.21428571428571427
421,421,1-8398,17,7,1-8398,54,7,0,18,11.54169225692749,0.21373504179495353
128,128,1-19286,2,10,1-19286,40,7,0,6,8.51389741897583,0.21284743547439575
484,484,MLG31,9,12,MLG31,33,6,0,4,7.009264945983887,0.21240196806011777
378,378,1-6561,9,7,1-6561,65,9,0,19,13.794008493423462,0.21221551528343788
179,179,1-4052,15,18,1-4052,13,2,0,3,2.756948709487915,0.21207297765291655
462,462,1-1183,2,10,1-1183,45,6,0,14,9.532427310943604,0.21183171802096898
494,494,1-3265,9,8,1-3265,19,4,0,0,4.0,0.21052631578947367
281,281,1-9995,11,18,1-9995,24,1,0,16,5.037059783935547,0.20987749099731445
365,365,MLG48,2,10,MLG48,159,27,0,25,33.30790591239929,0.20948368498364334
256,256,1-9277,4,5,1-9277,48,8,0,8,10.018529891967773,0.2087193727493286
382,382,1-18558,10,23,1-18558,307,64,0,0,64.0,0.20846905537459284
285,285,1-18615,6,11,1-18615,22,3,0,6,4.51389741897583,0.20517715540799228
547,547,MLG67,6,11,MLG67,27,4,0,6,5.51389741897583,0.20421842292503076
71,71,1-6532,12,15,1-6532,27,4,0,6,5.51389741897583,0.20421842292503076
221,221,1-8023,11,18,1-8023,16,2,0,5,3.2615811824798584,0.20384882390499115
384,384,1-9270,17,7,1-9270,128,14,0,47,25.85886311531067,0.2020223680883646
170,170,1-5043,17,7,1-5043,123,15,0,39,24.840333223342896,0.2019539286450642
430,430,1-3141,17,7,1-3141,136,14,0,53,27.3727605342865,0.20127029804622426
357,357,1-4760,14,9,1-4760,40,5,0,12,8.02779483795166,0.20069487094879152
110,110,72-18936,1,8,72-18936,20,4,0,0,4.0,0.2
403,403,1-1770,2,10,1-1770,35,7,0,0,7.0,0.2
275,275,1-3216,1,8,1-3216,5,1,0,0,1.0,0.2
90,90,1-19222,16,2,1-19222,15,3,0,0,3.0,0.2
189,189,1-9156,12,15,1-9156,268,36,0,69,53.409820318222046,0.19929037432172406
122,122,MLG42,15,14,MLG42,14,2,0,3,2.756948709487915,0.19692490782056535
188,188,1-20167,19,17,1-20167,56,9,0,8,11.018529891967773,0.19675946235656738
377,377,1-7213,11,18,1-7213,23,2,0,10,4.523162364959717,0.19665923325911813
55,55,1-8095,4,5,1-8095,46,9,0,0,9.0,0.1956521739130435
104,104,1-8267,3,1,1-8267,133,26,0,0,26.0,0.19548872180451127
245,245,1-6647,6,11,1-6647,62,2,0,40,12.092649459838867,0.19504273322320753
464,464,1-10060,2,10,1-10060,36,6,0,4,7.009264945983887,0.19470180405510795
241,241,1-19448,15,14,1-19448,45,8,0,3,8.756948709487915,0.19459886021084255
267,267,1-6181,20,22,1-6181,659,86,0,167,128.13681149482727,0.1944412921014071
395,395,1-6787,13,13,1-6787,56,2,0,35,10.831068277359009,0.19341193352426803
271,271,1-7897,12,15,1-7897,95,8,0,41,18.34496569633484,0.19310490206668252
191,191,1-8328,3,1,1-8328,114,22,0,0,22.0,0.19298245614035087
438,438,MLG10,5,16,MLG10,60,5,0,26,11.560222148895264,0.1926703691482544
201,201,1-9902,5,16,1-9902,30,4,0,7,5.766213655471802,0.19220712184906005
359,359,1-4417,20,22,1-4417,151,24,0,19,28.794008493423462,0.1906887979696918
391,391,MLG30,20,22,MLG30,208,27,0,50,39.615811824798584,0.19046063377307013
233,233,MLG07,1,8,MLG07,90,2,0,60,17.1389741897583,0.19043304655287002
485,485,1-5980,13,13,1-5980,29,4,0,6,5.51389741897583,0.19013439375778723
94,94,1-3083,18,19,1-3083,78,14,0,3,14.756948709487915,0.18919165012163994
238,238,1-9855,1,8,1-9855,8,1,0,2,1.5046324729919434,0.18807905912399292
186,186,72-11994,7,6,72-11994,8,1,0,2,1.5046324729919434,0.18807905912399292
404,404,1-4682,2,17,1-4682,16,2,0,4,3.0092649459838867,0.18807905912399292
350,350,1-2282,19,17,1-2282,219,29,0,46,40.6065468788147,0.1854180222776927
298,298,1-7019,1,8,1-7019,107,14,0,23,19.80327343940735,0.18507732186362008
398,398,1-0303,6,11,1-0303,212,26,0,51,38.868128061294556,0.1833402267042196
319,319,1-3584,14,9,1-3584,26,3,0,7,4.766213655471802,0.18331590982583854
225,225,1-9650,19,17,1-9650,25,2,0,10,4.523162364959717,0.18092649459838867
73,73,1-5355,19,17,1-5355,53,6,0,14,9.532427310943604,0.1798571190744076
149,149,MLG58,15,14,MLG58,71,11,0,7,12.766213655471802,0.17980582613340565
345,345,1-1131,5,16,1-1131,138,19,0,23,24.80327343940735,0.1797338655029518
410,410,MLG12,14,9,MLG12,146,5,0,84,26.19456386566162,0.17941482099768233
237,237,1-9667,6,11,1-9667,14,2,0,2,2.5046324729919434,0.17890231949942453
327,327,P-16616,5,23,P-16616,28,5,0,0,5.0,0.17857142857142858
159,159,1-10696,6,11,1-10696,24,2,0,9,4.270846128463745,0.17795192201932272
353,353,MLG50,11,18,MLG50,319,39,0,69,56.409820318222046,0.17683329253361144
301,301,1-1177,2,8,1-1177,17,3,0,0,3.0,0.17647058823529413
236,236,1-7024,6,11,1-7024,498,63,0,98,87.72699117660522,0.17615861682049241
399,399,MLG60,2,10,MLG60,47,6,0,9,8.270846128463745,0.17597544954178182
199,199,MLG39,13,18,MLG39,23,3,0,4,4.009264945983887,0.17431586721669073
30,30,1-8418,9,12,1-8418,46,7,0,4,8.009264945983887,0.1741144553474758
338,338,1-6296,20,22,1-6296,254,28,0,64,44.14823913574219,0.1738119651013472
266,266,1-2103,14,9,1-2103,26,4,0,2,4.504632472991943,0.17325509511507475
309,309,1-3516,3,1,1-3516,156,27,0,0,27.0,0.17307692307692307
339,339,1-3523,14,9,1-3523,543,54,0,157,93.61364912986755,0.17240082712682792
83,83,1-18423,14,9,1-18423,47,0,0,32,8.074119567871094,0.1717897780398105
415,415,1-1957,18,19,1-1957,47,7,0,4,8.009264945983887,0.17040989246774227
246,246,MLG56,11,18,MLG56,511,66,0,83,86.94224762916565,0.17014138479288776
495,495,MLG08,10,23,MLG08,107,18,0,0,18.0,0.16822429906542055
490,490,1-3551,10,20,1-3551,6,0,0,4,1.0092649459838867,0.1682108243306478
558,558,1-0055,16,2,1-0055,18,3,0,0,3.0,0.16666666666666666
178,178,1-7525,2,10,1-7525,6,1,0,0,1.0,0.16666666666666666
412,412,1-6858,8,20,1-6858,23,1,0,11,3.7754786014556885,0.16415124354155167
137,137,1-1972,1,8,1-1972,32,5,0,1,5.252316236495972,0.16413488239049911
376,376,1-7874,4,5,1-7874,258,42,0,1,42.25231623649597,0.1637686675833177
261,261,1-1942,5,6,1-1942,34,5,0,2,5.504632472991943,0.16190095508799834
518,518,1-1850,12,15,1-1850,30,2,0,11,4.7754786014556885,0.15918262004852296
445,445,1-6538,16,2,1-6538,44,7,0,0,7.0,0.1590909090909091
258,258,1-9516,3,1,1-9516,76,12,0,0,12.0,0.15789473684210525
292,292,1-9997,13,7,1-9997,16,0,0,10,2.523162364959717,0.1576976478099823
48,48,1-0405,13,13,1-0405,64,1,0,36,10.08338451385498,0.15755288302898407
105,105,1-1258,17,7,1-1258,435,32,0,144,68.33353805541992,0.1570885932308504
393,393,1-7819,6,11,1-7819,59,8,0,5,9.261581182479858,0.15697595224542132
407,407,1-8421,17,7,1-8421,109,12,0,20,17.046324729919434,0.15638830027449022
244,244,MLG57,19,17,MLG57,629,41,0,224,97.51883697509766,0.1550378966217769
12,12,MLG84,9,12,MLG84,63,8,0,7,9.766213655471802,0.15501926437256827
232,232,1-18371,12,15,1-18371,120,12,0,26,18.560222148895264,0.15466851790746053
463,463,1-1989,12,15,1-1989,46,6,0,4,7.009264945983887,0.15237532491269318
287,287,1-9836,1,8,1-9836,5,0,0,3,0.756948709487915,0.151389741897583
387,387,1-10539,6,11,1-10539,63,7,0,10,9.523162364959717,0.15116130738031297
536,536,1-9971,6,18,1-9971,15,1,0,5,2.2615811824798584,0.15077207883199056
381,381,1-2335,12,15,1-2335,145,11,0,43,21.849598169326782,0.1506868839263916
157,157,1-6061,13,13,1-6061,40,4,0,8,6.018529891967773,0.15046324729919433
528,528,1-6718,6,11,1-6718,20,2,0,4,3.0092649459838867,0.15046324729919433
250,250,1-9333,12,15,1-9333,102,5,0,41,15.344965696334839,0.15044084016014547
31,31,1-8938,9,12,1-8938,30,4,0,2,4.504632472991943,0.15015441576639812
185,185,1-8906,5,16,1-8906,15,2,0,1,2.2523162364959717,0.15015441576639812
332,332,MLG78,10,23,MLG78,80,12,0,0,12.0,0.15
160,160,1-19813,18,19,1-19813,20,3,0,0,3.0,0.15
123,123,MLG55,19,17,MLG55,92,11,0,11,13.775478601455688,0.14973346305930096
491,491,MLG09,2,10,MLG09,125,3,0,62,18.643606662750244,0.14914885330200195
11,11,1-9722,11,18,1-9722,22,2,0,5,3.2615811824798584,0.14825369011272083
437,437,1-6980,19,17,1-6980,128,9,0,39,18.840333223342896,0.14719010330736637
209,209,1-9938,15,20,1-9938,55,1,0,28,8.064854621887207,0.14663372039794922
531,531,1-5891,5,16,1-5891,96,9,0,20,14.046324729919434,0.14631588260332742
200,200,1-4634,1,8,1-4634,48,5,0,8,7.018529891967773,0.1462193727493286
360,360,1-6611,3,1,1-6611,89,13,0,0,13.0,0.14606741573033707
481,481,1-10038,18,19,1-10038,76,11,0,0,11.0,0.14473684210526316
443,443,1-3447,4,5,1-3447,110,7,0,35,15.831068277359009,0.14391880252144554
282,282,1-1608,16,2,1-1608,307,44,0,0,44.0,0.14332247557003258
489,489,1-9578,2,10,1-9578,42,5,0,4,6.009264945983887,0.14307773680914015
306,306,1-18377,2,1,1-18377,14,2,0,0,2.0,0.14285714285714285
512,512,1-3033,10,23,1-3033,7,1,0,0,1.0,0.14285714285714285
155,155,1-9447,4,5,1-9447,7,1,0,0,1.0,0.14285714285714285
187,187,1-7321,1,8,1-7321,7,1,0,0,1.0,0.14285714285714285
279,279,MLG43,1,19,MLG43,14,2,0,0,2.0,0.14285714285714285
302,302,MLG51,11,18,MLG51,248,18,0,69,35.409820318222046,0.14278153354121792
96,96,MLG37,14,9,MLG37,116,10,0,26,16.560222148895264,0.1427605357663385
193,193,1-9553,4,5,1-9553,23,3,0,1,3.2523162364959717,0.14140505376069443
366,366,1-5163,4,5,1-5163,16,1,0,5,2.2615811824798584,0.14134882390499115
305,305,1-7866,14,9,1-7866,318,18,0,105,44.493204832077026,0.13991573846565103
312,312,1-3108,6,7,1-3108,18,1,0,6,2.51389741897583,0.13966096772087944
172,172,1-8573,8,20,1-8573,184,6,0,78,25.68066644668579,0.1395688393841619
125,125,1-8622,2,10,1-8622,54,6,0,6,7.51389741897583,0.1391462484995524
74,74,1-8124,4,5,1-8124,18,2,0,2,2.5046324729919434,0.1391462484995524
414,414,1-8285,16,2,1-8285,72,10,0,0,10.0,0.1388888888888889
461,461,1-9651,7,10,1-9651,38,3,0,9,5.270846128463745,0.1387064770648354
14,14,1-6098,13,13,1-6098,1327,91,0,367,183.6000587940216,0.13835724099021976
400,400,1-18709,5,13,1-18709,33,3,0,6,4.51389741897583,0.13678477027199484
340,340,1-3362,3,1,1-3362,117,16,0,0,16.0,0.13675213675213677
480,480,1-1005,13,13,1-1005,125,7,0,40,17.092649459838867,0.13674119567871093
422,422,1-6878,20,22,1-6878,167,18,0,19,22.794008493423462,0.136491068822895
288,288,1-8590,6,11,1-8590,24,1,0,9,3.270846128463745,0.13628525535265604
371,371,1-1580,14,9,1-1580,400,34,0,81,54.437615156173706,0.13609403789043426
208,208,1-10468,8,20,1-10468,549,30,0,177,74.65997385978699,0.13599266641126956
143,143,1-8928,5,16,1-8928,39,2,0,13,5.280111074447632,0.13538746344737518
329,329,1-1317,8,20,1-1317,414,20,0,141,55.57658934593201,0.1342429694346184
386,386,MLG68,15,14,MLG68,642,72,0,56,86.12970924377441,0.13415842561335578
388,388,MLG49,2,10,MLG49,185,19,0,23,24.80327343940735,0.13407174832112081
291,291,MLG02,20,22,MLG02,320,27,0,63,42.895922899246216,0.13404975906014444
361,361,1-0008,20,22,1-0008,230,5,0,102,30.73625612258911,0.13363589618517005
72,72,1-9614,6,11,1-9614,30,4,0,0,4.0,0.13333333333333333
435,435,1-9610,12,15,1-9610,49,3,0,14,6.5324273109436035,0.1333148430804817
39,39,1-7467,2,10,1-7467,64,7,0,6,8.51389741897583,0.13302964717149734
260,260,1-0129,17,7,1-0129,142,9,0,39,18.840333223342896,0.132678402981288
58,58,1-17733,8,20,1-17733,74,5,0,19,9.794008493423462,0.13235146612734408
33,33,1-7991,1,8,1-7991,46,2,0,16,6.037059783935547,0.13124043008555536
505,505,1-4747,11,11,1-4747,25,2,0,5,3.2615811824798584,0.13046324729919434
286,286,1-3587,3,1,1-3587,46,6,0,0,6.0,0.13043478260869565
335,335,1-8910,4,5,1-8910,137,5,0,51,17.868128061294556,0.13042429241820844
321,321,1-5172,17,7,1-5172,120,10,0,22,15.550957202911377,0.12959131002426147
67,67,1-7481,2,10,1-7481,33,2,0,9,4.270846128463745,0.1294195796504165
294,294,1-3509,20,22,1-3509,35,3,0,6,4.51389741897583,0.12896849768502372
140,140,1-2294,8,20,1-2294,75,3,0,26,9.560222148895264,0.12746962865193684
408,408,MLG53,11,18,MLG53,91,7,0,18,11.54169225692749,0.12683178304315923
451,451,1-4098,2,17,1-4098,16,1,0,4,2.0092649459838867,0.12557905912399292
436,436,1-5161,1,17,1-5161,12,1,0,2,1.5046324729919434,0.12538603941599527
89,89,1-18004,12,15,1-18004,12,1,0,2,1.5046324729919434,0.12538603941599527
553,553,1-5555,5,16,1-5555,10,1,0,1,1.2523162364959717,0.12523162364959717
509,509,1-18935,4,5,1-18935,30,3,0,3,3.756948709487915,0.12523162364959717
304,304,1-19004,5,16,1-19004,60,6,0,6,7.51389741897583,0.12523162364959717
226,226,1-9996,17,7,1-9996,28,3,0,2,3.5046324729919434,0.12516544546399797
548,548,1-3087,18,19,1-3087,26,3,0,1,3.2523162364959717,0.12508908601907584
147,147,1-17657,6,11,1-17657,8,1,0,0,1.0,0.125
80,80,1-9115,7,6,1-9115,16,2,0,0,2.0,0.125
527,527,1-5531,7,6,1-5531,8,1,0,0,1.0,0.125
169,169,1-9606,10,23,1-9606,16,2,0,0,2.0,0.125
379,379,1-4640,4,5,1-4640,87,7,0,15,10.784743547439575,0.12396256951079972
517,517,1-18028,9,12,1-18028,309,37,0,5,38.26158118247986,0.12382388732194129
330,330,1-4531,4,5,1-4531,94,6,0,22,11.550957202911377,0.12288252343522742
510,510,1-3206,11,18,1-3206,45,3,0,10,5.523162364959717,0.12273694144354927
368,368,1-5197,8,20,1-5197,72,4,0,19,8.794008493423462,0.12213900685310364
152,152,1-9500,17,7,1-9500,33,3,0,4,4.009264945983887,0.12149287715102687
296,296,1-9404,8,20,1-9404,100,4,0,32,12.074119567871094,0.12074119567871094
471,471,1-9794,12,15,1-9794,46,2,0,14,5.5324273109436035,0.1202701589335566
163,163,1-9137,9,12,1-9137,111,6,0,29,13.317170858383179,0.11997451223768629
497,497,1-8493,8,20,1-8493,38,0,0,18,4.54169225692749,0.11951821728756554
97,97,1-9237,14,9,1-9237,38,2,0,10,4.523162364959717,0.11903058855157149
316,316,1-7441,17,7,1-7441,111,4,0,36,13.08338451385498,0.11786832895364847
139,139,1-7863,17,7,1-7863,351,16,0,99,40.979307413101196,0.11675016357008888
214,214,1-0053,9,12,1-0053,142,14,0,10,16.523162364959717,0.11636029834478674
373,373,1-6918,3,1,1-6918,43,5,0,0,5.0,0.11627906976744186
343,343,1-4319,8,20,1-4319,163,6,0,51,18.868128061294556,0.1157553868791077
13,13,1-9805,15,9,1-9805,26,2,0,4,3.0092649459838867,0.11574095946091872
456,456,1-8186,2,2,1-8186,26,3,0,0,3.0,0.11538461538461539
43,43,1-8705,6,11,1-8705,48,4,0,6,5.51389741897583,0.11487286289532979
5,5,1-5549,8,20,1-5549,35,2,0,8,4.018529891967773,0.11481513977050781
251,251,1-7268,16,2,1-7268,70,8,0,0,8.0,0.11428571428571428
206,206,1-9752,20,22,1-9752,22,1,0,6,2.51389741897583,0.11426806449890137
478,478,1-9394,12,15,1-9394,117,8,0,20,13.046324729919434,0.11150704897367038
145,145,MLG06,2,23,MLG06,18,2,0,0,2.0,0.1111111111111111
367,367,1-8544,13,15,1-8544,54,6,0,0,6.0,0.1111111111111111
164,164,1-9740,1,8,1-9740,34,3,0,3,3.756948709487915,0.11049849145552691
283,283,1-3535,12,15,1-3535,315,19,0,62,34.643606662750244,0.10997970369127062
425,425,1-6006,4,5,1-6006,57,5,0,5,6.261581182479858,0.10985230144701506
355,355,1-9498,17,7,1-9498,64,4,0,12,7.02779483795166,0.10980929434299469
4,4,1-6240,16,2,1-6240,698,76,0,0,76.0,0.10888252148997135
88,88,1-5626,17,7,1-5626,125,7,0,26,13.560222148895264,0.10848177719116212
22,22,1-7995,2,10,1-7995,14,0,0,6,1.51389741897583,0.10813552992684501
62,62,1-9818,19,17,1-9818,28,2,0,4,3.0092649459838867,0.1074737480708531
180,180,1-0037,1,8,1-0037,35,3,0,3,3.756948709487915,0.10734139169965472
351,351,1-19229,2,10,1-19229,38,3,0,4,4.009264945983887,0.10550697226273387
255,255,1-9946,19,20,1-9946,12,0,0,5,1.2615811824798584,0.10513176520665486
202,202,1-8988,1,8,1-8988,29,2,0,4,3.0092649459838867,0.10376775675806506
453,453,1-8397,11,18,1-8397,51,1,0,17,5.2893760204315186,0.1037132553025788
109,109,1-9768,6,11,1-9768,241,16,0,35,24.83106827735901,0.1030334783292905
64,64,1-9674,8,20,1-9674,144,6,0,35,14.831068277359009,0.10299352970388201
472,472,1-9518,14,9,1-9518,22,1,0,5,2.2615811824798584,0.10279914465817538
440,440,MLG52,11,18,MLG52,125,8,0,19,12.794008493423462,0.1023520679473877
131,131,1-9283,16,2,1-9283,235,24,0,0,24.0,0.10212765957446808
482,482,1-4390,15,14,1-4390,45,2,0,10,4.523162364959717,0.10051471922132704
328,328,1-9497,13,13,1-9497,150,7,0,32,15.074119567871094,0.10049413045247396
314,314,1-3139,4,5,1-3139,93,3,0,25,9.307905912399292,0.10008500981074507
198,198,1-9839,10,23,1-9839,20,2,0,0,2.0,0.1
44,44,1-5214,3,1,1-5214,40,4,0,0,4.0,0.1
57,57,1-1224,8,20,1-1224,151,6,0,35,14.831068277359009,0.09821899521429807
126,126,1-8488,2,10,1-8488,23,2,0,1,2.2523162364959717,0.0979267928911292
114,114,1-7496,3,1,1-7496,246,24,0,0,24.0,0.0975609756097561
106,106,MLG69,10,23,MLG69,576,56,0,0,56.0,0.09722222222222222
498,498,1-19915,14,9,1-19915,62,4,0,8,6.018529891967773,0.09707306277367377
1,1,1-9185,2,10,1-9185,31,2,0,4,3.0092649459838867,0.09707306277367377
470,470,1-1204,14,9,1-1204,39,1,0,11,3.7754786014556885,0.09680714362706894
247,247,1-20467,13,13,1-20467,13,1,0,1,1.2523162364959717,0.09633201819199783
448,448,1-3106,15,12,1-3106,34,2,0,5,3.2615811824798584,0.09592885830823113
85,85,1-8084,13,13,1-8084,82,3,0,19,7.794008493423462,0.09504888406613977
523,523,1-9861,15,9,1-9861,8,0,0,3,0.756948709487915,0.09461858868598938
290,290,1-8341,4,5,1-8341,197,11,0,30,18.56948709487915,0.09426135581156929
475,475,1-18234,7,17,1-18234,43,3,0,4,4.009264945983887,0.09323871967404387
446,446,1-3534,3,1,1-3534,279,26,0,0,26.0,0.0931899641577061
224,224,1-9227,4,5,1-9227,801,19,0,220,74.50957202911377,0.09302068917492355
385,385,1-6974,6,11,1-6974,207,5,0,56,19.129709243774414,0.0924140543177508
61,61,1-7341,17,7,1-7341,110,0,0,40,10.092649459838867,0.09175135872580788
117,117,1-0358,3,1,1-0358,22,2,0,0,2.0,0.09090909090909091
100,100,1-19598,1,8,1-19598,11,1,0,0,1.0,0.09090909090909091
310,310,1-4855,7,2,1-4855,22,2,0,0,2.0,0.09090909090909091
81,81,1-7770,16,2,1-7770,11,1,0,0,1.0,0.09090909090909091
326,326,1-8826,3,1,1-8826,123,11,0,0,11.0,0.08943089430894309
504,504,1-5425,19,17,1-5425,17,0,0,6,1.51389741897583,0.08905278935151942
348,348,1-17758,18,19,1-17758,40,3,0,2,3.5046324729919434,0.08761581182479858
63,63,1-7066,3,1,1-7066,23,2,0,0,2.0,0.08695652173913043
133,133,1-8576,20,22,1-8576,55,3,0,7,4.766213655471802,0.0866584300994873
24,24,1-7140,20,22,1-7140,397,18,0,63,33.895922899246216,0.08538015843638845
192,192,1-9770,6,15,1-9770,50,3,0,5,4.261581182479858,0.08523162364959717
315,315,1-1769,8,20,1-1769,89,0,0,30,7.56948709487915,0.08505041679639495
10,10,1-7964,20,22,1-7964,202,12,0,20,17.046324729919434,0.08438774618771996
28,28,1-10071,11,18,1-10071,30,0,0,10,2.523162364959717,0.0841054121653239
559,559,1-5914,1,8,1-5914,3,0,0,1,0.2523162364959717,0.0841054121653239
406,406,1-17907,3,1,1-17907,119,10,0,0,10.0,0.08403361344537816
183,183,1-9496,2,20,1-9496,39,2,0,5,3.2615811824798584,0.08363028673025277
532,532,1-19447,9,19,1-19447,15,1,0,1,1.2523162364959717,0.08348774909973145
477,477,1-9055,15,23,1-9055,12,1,0,0,1.0,0.08333333333333333
336,336,1-1827,7,6,1-1827,24,2,0,0,2.0,0.08333333333333333
49,49,1-2178,10,23,1-2178,12,1,0,0,1.0,0.08333333333333333
299,299,MLG54,18,19,MLG54,595,45,0,15,48.784743547439575,0.08199116562594887
293,293,1-8066,12,15,1-8066,86,2,0,20,7.046324729919434,0.08193400848743528
347,347,1-8188,6,11,1-8188,140,1,0,41,11.344965696334839,0.08103546925953456
466,466,1-5981,9,19,1-5981,28,2,0,1,2.2523162364959717,0.08043986558914185
318,318,1-2324,19,17,1-2324,25,1,0,4,2.0092649459838867,0.08037059783935546
42,42,1-1207,5,16,1-1207,66,2,0,13,5.280111074447632,0.08000168294617624
337,337,1-18613,5,2,1-18613,25,2,0,0,2.0,0.08
370,370,MLG62,10,23,MLG62,525,42,0,0,42.0,0.08
101,101,1-9892,5,16,1-9892,22,1,0,3,1.756948709487915,0.0798613049767234
354,354,1-9417,8,20,1-9417,76,0,0,24,6.05558967590332,0.07967881152504369
230,230,1-3089,12,14,1-3089,16,0,0,5,1.2615811824798584,0.07884882390499115
289,289,1-1592,15,14,1-1592,32,2,0,2,2.5046324729919434,0.07826976478099823
397,397,1-9808,20,22,1-9808,74,2,0,15,5.784743547439575,0.0781722101005348
205,205,1-8018,18,11,1-8018,58,2,0,10,4.523162364959717,0.07798555801654684
524,524,1-9338,4,5,1-9338,29,1,0,5,2.2615811824798584,0.07798555801654684
521,521,1-19549,7,6,1-19549,29,2,0,1,2.2523162364959717,0.07766607712055075
303,303,1-8157,12,15,1-8157,75,4,0,7,5.766213655471802,0.07688284873962402
253,253,1-4649,4,5,1-4649,244,10,0,34,18.578752040863037,0.07614242639697966
156,156,1-8634,19,17,1-8634,10,0,0,3,0.756948709487915,0.0756948709487915
111,111,1-19897,3,1,1-19897,53,4,0,0,4.0,0.07547169811320754
92,92,1-7807,3,1,1-7807,239,18,0,0,18.0,0.07531380753138076
273,273,1-3589,1,5,1-3589,27,1,0,4,2.0092649459838867,0.07441722022162543
196,196,1-9646,15,14,1-9646,105,1,0,27,7.812538385391235,0.07440512747991652
362,362,1-1462,4,5,1-1462,192,11,0,13,14.280111074447632,0.07437557851274808
53,53,1-9850,19,17,1-9850,27,2,0,0,2.0,0.07407407407407407
124,124,1-8427,16,2,1-8427,189,14,0,0,14.0,0.07407407407407407
26,26,1-9907,13,13,1-9907,17,1,0,1,1.2523162364959717,0.07366566097035128
45,45,1-9444,19,17,1-9444,24,0,0,7,1.7662136554718018,0.0735922356446584
447,447,1-7152,3,1,1-7152,109,8,0,0,8.0,0.07339449541284404
103,103,1-8820,8,20,1-8820,83,3,0,12,6.02779483795166,0.07262403419218867
441,441,1-19166,4,5,1-19166,45,2,0,5,3.2615811824798584,0.07247958183288575
47,47,1-19547,7,18,1-19547,66,3,0,7,4.766213655471802,0.07221535841623943
99,99,1-5775,12,15,1-5775,244,8,0,38,17.588016986846924,0.07208203683133985
173,173,1-9588,3,1,1-9588,14,1,0,0,1.0,0.07142857142857142
452,452,1-8529,18,2,1-8529,56,4,0,0,4.0,0.07142857142857142
417,417,1-10451,1,8,1-10451,46,0,0,13,3.280111074447632,0.07130676248799199
98,98,1-8127,12,15,1-8127,32,2,0,1,2.2523162364959717,0.07038488239049911
68,68,1-7845,6,15,1-7845,36,0,0,10,2.523162364959717,0.07008784347110325
182,182,1-7752,12,15,1-7752,29,0,0,8,2.0185298919677734,0.0696044790333715
132,132,1-9110,4,5,1-9110,29,1,0,4,2.0092649459838867,0.0692849981373754
513,513,1-8094,10,23,1-8094,58,4,0,0,4.0,0.06896551724137931
27,27,1-18409,17,7,1-18409,22,1,0,2,1.5046324729919434,0.06839238513599742
433,433,1-5654,5,12,1-5654,15,1,0,0,1.0,0.06666666666666667
223,223,1-0205,4,5,1-0205,34,1,0,5,2.2615811824798584,0.06651709360234878
424,424,1-4700,3,1,1-4700,31,2,0,0,2.0,0.06451612903225806
334,334,1-20641,1,8,1-20641,16,0,0,4,1.0092649459838867,0.06307905912399292
119,119,1-5929,1,8,1-5929,4,0,0,1,0.2523162364959717,0.06307905912399292
460,460,1-7993,11,18,1-7993,24,0,0,6,1.51389741897583,0.06307905912399292
358,358,1-9831,8,20,1-9831,132,2,0,25,8.307905912399292,0.06293868115454009
41,41,1-7509,1,8,1-7509,40,1,0,6,2.51389741897583,0.06284743547439575
231,231,1-8450,19,17,1-8450,52,3,0,1,3.2523162364959717,0.06254454300953792
457,457,1-8503,15,1,1-8503,16,1,0,0,1.0,0.0625
520,520,1-2034,1,1,1-2034,16,1,0,0,1.0,0.0625
51,51,1-9925,8,20,1-9925,93,3,0,11,5.7754786014556885,0.06210192044576009
432,432,1-6914,4,5,1-6914,73,2,0,10,4.523162364959717,0.06196112828711941
129,129,1-2573,4,5,1-2573,37,0,0,9,2.270846128463745,0.06137421968820933
248,248,1-2400,3,1,1-2400,49,3,0,0,3.0,0.061224489795918366
56,56,1-5877,17,7,1-5877,79,1,0,15,4.784743547439575,0.06056637401822247
59,59,1-9331,11,18,1-9331,25,0,0,6,1.51389741897583,0.0605558967590332
562,562,1-0003,12,15,1-0003,17,0,0,4,1.0092649459838867,0.059368526234346276
349,349,1-3052,4,5,1-3052,166,5,0,19,9.794008493423462,0.05900005116520158
66,66,1-7536,4,5,1-7536,17,1,0,0,1.0,0.058823529411764705
95,95,1-3312,8,20,1-3312,36,0,0,8,2.0185298919677734,0.056070274776882596
29,29,1-18735,7,6,1-18735,27,1,0,2,1.5046324729919434,0.055727128629331234
507,507,1-6909,3,1,1-6909,36,2,0,0,2.0,0.05555555555555555
276,276,1-9495,5,16,1-9495,18,1,0,0,1.0,0.05555555555555555
402,402,1-5744,9,12,1-5744,18,1,0,0,1.0,0.05555555555555555
344,344,1-6035,13,13,1-6035,23,0,0,5,1.2615811824798584,0.05485135575999384
40,40,1-7722,18,19,1-7722,60,3,0,1,3.2523162364959717,0.054205270608266194
25,25,1-9607,11,18,1-9607,19,0,0,4,1.0092649459838867,0.05311920768336246
171,171,1-8100,10,23,1-8100,19,1,0,0,1.0,0.05263157894736842
130,130,1-1833,19,17,1-1833,124,6,0,2,6.504632472991943,0.05245671349187051
431,431,1-7614,8,20,1-7614,72,1,0,11,3.7754786014556885,0.05243720279799567
269,269,1-7839,9,12,1-7839,24,1,0,1,1.2523162364959717,0.05217984318733215
308,308,1-6743,1,8,1-6743,58,2,0,4,3.0092649459838867,0.05188387837903253
257,257,1-9504,20,22,1-9504,30,0,0,6,1.51389741897583,0.05046324729919434
543,543,1-5803,18,11,1-5803,15,0,0,3,0.756948709487915,0.05046324729919434
455,455,1-17790,5,16,1-17790,5,0,0,1,0.2523162364959717,0.05046324729919434
323,323,1-3647,2,10,1-3647,5,0,0,1,0.2523162364959717,0.05046324729919434
444,444,1-3217,5,5,1-3217,5,0,0,1,0.2523162364959717,0.05046324729919434
493,493,1-1836,14,23,1-1836,20,1,0,0,1.0,0.05
197,197,1-8646,20,22,1-8646,20,1,0,0,1.0,0.05
54,54,1-8125,2,10,1-8125,21,0,0,4,1.0092649459838867,0.04806023552304223
534,534,1-9457,8,20,1-9457,11,0,0,2,0.5046324729919434,0.04587567936290394
487,487,1-6900,10,23,1-6900,67,3,0,0,3.0,0.04477611940298507
380,380,1-7004,3,1,1-7004,381,17,0,0,17.0,0.04461942257217848
486,486,1-8678,14,9,1-8678,17,0,0,3,0.756948709487915,0.04452639467575971
148,148,1-0001,2,10,1-0001,17,0,0,3,0.756948709487915,0.04452639467575971
176,176,1-8042,14,9,1-8042,52,0,0,9,2.270846128463745,0.04367011785507202
8,8,1-8181,13,13,1-8181,30,0,0,5,1.2615811824798584,0.04205270608266195
134,134,1-9465,1,8,1-9465,18,0,0,3,0.756948709487915,0.04205270608266195
87,87,MLG35,1,23,MLG35,49,2,0,0,2.0,0.04081632653061224
499,499,1-8627,5,2,1-8627,25,1,0,0,1.0,0.04
533,533,1-7530,3,1,1-7530,25,1,0,0,1.0,0.04
76,76,1-8541,4,5,1-8541,232,0,0,34,8.578752040863037,0.036977379486478605
150,150,1-7005,4,5,1-7005,285,0,0,41,10.344965696334839,0.03629812525029768
307,307,1-5530,3,18,1-5530,7,0,0,1,0.2523162364959717,0.03604517664228167
465,465,1-5913,16,13,1-5913,14,0,0,2,0.5046324729919434,0.03604517664228167
374,374,1-6919,4,5,1-6919,43,0,0,6,1.51389741897583,0.03520691672036814
34,34,1-6642,1,8,1-6642,36,0,0,5,1.2615811824798584,0.035043921735551625
416,416,1-18203,6,11,1-18203,29,0,0,4,1.0092649459838867,0.03480223951668575
6,6,1-8021,14,9,1-8021,58,2,0,0,2.0,0.034482758620689655
529,529,1-6217,8,20,1-6217,44,0,0,6,1.51389741897583,0.034406759522177956
79,79,1-9739,10,23,1-9739,31,1,0,0,1.0,0.03225806451612903
243,243,1-1015,3,1,1-1015,155,5,0,0,5.0,0.03225806451612903
84,84,1-18714,4,5,1-18714,32,0,0,4,1.0092649459838867,0.03153952956199646
213,213,1-18563,11,18,1-18563,8,0,0,1,0.2523162364959717,0.03153952956199646
405,405,1-3104,4,5,1-3104,16,0,0,2,0.5046324729919434,0.03153952956199646
2,2,MLG17,11,18,MLG17,153,4,0,3,4.756948709487915,0.031091168035868727
442,442,MLG11,18,19,MLG11,87,2,0,2,2.5046324729919434,0.028788878999907393
38,38,1-2104,2,10,1-2104,36,1,0,0,1.0,0.027777777777777776
227,227,1-3068,3,1,1-3068,180,5,0,0,5.0,0.027777777777777776
70,70,1-2584,1,8,1-2584,36,1,0,0,1.0,0.027777777777777776
17,17,1-18603,8,20,1-18603,19,0,0,2,0.5046324729919434,0.02655960384168123
313,313,1-7521,7,15,1-7521,10,0,0,1,0.2523162364959717,0.02523162364959717
23,23,1-2025,2,10,1-2025,41,1,0,0,1.0,0.024390243902439025
372,372,1-6916,10,23,1-6916,43,1,0,0,1.0,0.023255813953488372
121,121,1-7070,16,2,1-7070,129,3,0,0,3.0,0.023255813953488372
469,469,1-8578,19,5,1-8578,11,0,0,1,0.2523162364959717,0.02293783968145197
219,219,1-5653,1,8,1-5653,11,0,0,1,0.2523162364959717,0.02293783968145197
50,50,1-8174,1,8,1-8174,45,0,0,4,1.0092649459838867,0.022428109910753037
195,195,1-2670,19,17,1-2670,104,2,0,1,2.2523162364959717,0.021656886889384344
476,476,1-19205,11,18,1-19205,12,0,0,1,0.2523162364959717,0.021026353041330974
3,3,1-8222,20,22,1-8222,12,0,0,1,0.2523162364959717,0.021026353041330974
341,341,1-0031,1,8,1-0031,13,0,0,1,0.2523162364959717,0.0194089412689209
215,215,1-19839,4,5,1-19839,13,0,0,1,0.2523162364959717,0.0194089412689209
69,69,1-18498,11,18,1-18498,13,0,0,1,0.2523162364959717,0.0194089412689209
542,542,1-1191,3,1,1-1191,53,1,0,0,1.0,0.018867924528301886
52,52,72-12387,13,13,72-12387,71,1,0,1,1.2523162364959717,0.017638256852055938
75,75,1-8401,1,8,1-8401,57,1,0,0,1.0,0.017543859649122806
78,78,1-4088,2,10,1-4088,30,0,0,2,0.5046324729919434,0.01682108243306478
222,222,1-4149,4,5,1-4149,16,0,0,1,0.2523162364959717,0.01576976478099823
295,295,1-3639,9,19,1-3639,17,0,0,1,0.2523162364959717,0.014842131558586569
0,0,72-0103,3,1,72-0103,71,1,0,0,1.0,0.014084507042253521
136,136,1-9549,2,10,1-9549,18,0,0,1,0.2523162364959717,0.014017568694220649
36,36,1-2714,5,16,1-2714,61,0,0,3,0.756948709487915,0.012408995237506803
458,458,1-7182,18,19,1-7182,22,0,0,1,0.2523162364959717,0.011468919840725985
20,20,1-5167,2,10,1-5167,24,0,0,1,0.2523162364959717,0.010513176520665487
181,181,1-8641,1,8,1-8641,30,0,0,1,0.2523162364959717,0.00841054121653239
418,418,1-6216,4,5,1-6216,45,0,0,1,0.2523162364959717,0.005607027477688259
468,468,1-6228,4,5,1-6228,48,0,0,1,0.2523162364959717,0.005256588260332744
46,46,1-8566,14,1,1-8566,5,0,0,0,0.0,0.0
556,556,1-10951,5,1,1-10951,1,0,0,0,0.0,0.0
9,9,1-8020,2,10,1-8020,56,0,0,0,0.0,0.0
113,113,1-4499,4,5,1-4499,12,0,0,0,0.0,0.0
235,235,1-8113,15,14,1-8113,9,0,0,0,0.0,0.0
439,439,MLG72,5,10,MLG72,9,0,0,0,0.0,0.0
146,146,1-7453,10,23,1-7453,13,0,0,0,0.0,0.0
32,32,1-0022,1,8,1-0022,18,0,0,0,0.0,0.0
135,135,1-9712,3,1,1-9712,10,0,0,0,0.0,0.0
449,449,1-1935,10,23,1-1935,12,0,0,0,0.0,0.0
565,565,1-19927,11,18,1-19927,1,0,0,0,0.0,0.0
93,93,1-20003,11,23,1-20003,21,0,0,0,0.0,0.0
194,194,1-9253,1,8,1-9253,24,0,0,0,0.0,0.0
254,254,1-8379,1,14,1-8379,5,0,0,0,0.0,0.0
525,525,1-3175,10,23,1-3175,6,0,0,0,0.0,0.0
297,297,1-8352,1,8,1-8352,1,0,0,0,0.0,0.0
168,168,1-9655,3,1,1-9655,27,0,0,0,0.0,0.0
18,18,1-3521,10,23,1-3521,22,0,0,0,0.0,0.0
502,502,1-20012,13,13,1-20012,12,0,0,0,0.0,0.0
538,538,1-9576,7,23,1-9576,10,0,0,0,0.0,0.0
325,325,1-19924,1,8,1-19924,1,0,0,0,0.0,0.0
228,228,1-17835,13,1,1-17835,17,0,0,0,0.0,0.0
496,496,1-3176,16,16,1-3176,3,0,0,0,0.0,0.0
229,229,1-4361,1,8,1-4361,10,0,0,0,0.0,0.0
77,77,1-2153,9,12,1-2153,13,0,0,0,0.0,0.0
112,112,1-10698,2,10,1-10698,6,0,0,0,0.0,0.0
554,554,1-10444,2,5,1-10444,8,0,0,0,0.0,0.0
82,82,1-17645,1,8,1-17645,9,0,0,0,0.0,0.0
516,516,1-5036,10,23,1-5036,14,0,0,0,0.0,0.0
262,262,1-8623,1,8,1-8623,5,0,0,0,0.0,0.0
564,564,1-9034,1,16,1-9034,3,0,0,0,0.0,0.0
284,284,1-4136,2,10,1-4136,5,0,0,0,0.0,0.0
175,175,1-4910,8,20,1-4910,4,0,0,0,0.0,0.0
561,561,1-9455,1,8,1-9455,2,0,0,0,0.0,0.0
204,204,1-9733,16,2,1-9733,4,0,0,0,0.0,0.0
249,249,1-6931,1,8,1-6931,1,0,0,0,0.0,0.0
541,541,1-5424,2,5,1-5424,5,0,0,0,0.0,0.0
35,35,1-2869,3,1,1-2869,9,0,0,0,0.0,0.0
278,278,1-10762,16,23,1-10762,6,0,0,0,0.0,0.0
211,211,1-5406,9,12,1-5406,10,0,0,0,0.0,0.0
108,108,1-9731,15,14,1-9731,11,0,0,0,0.0,0.0
115,115,1-3178,1,8,1-3178,6,0,0,0,0.0,0.0
280,280,1-7608,10,23,1-7608,4,0,0,0,0.0,0.0
177,177,1-10948,1,8,1-10948,2,0,0,0,0.0,0.0
535,535,1-5990,9,12,1-5990,5,0,0,0,0.0,0.0
242,242,1-20791,18,19,1-20791,13,0,0,0,0.0,0.0
37,37,1-5508,3,1,1-5508,38,0,0,0,0.0,0.0
252,252,1-21195,1,8,1-21195,1,0,0,0,0.0,0.0
60,60,1-18202,15,14,1-18202,23,0,0,0,0.0,0.0
220,220,MLG73,10,23,MLG73,10,0,0,0,0.0,0.0
428,428,1-2701,16,2,1-2701,61,0,0,0,0.0,0.0
530,530,1-4847,15,5,1-4847,2,0,0,0,0.0,0.0
158,158,1-7599,4,5,1-7599,3,0,0,0,0.0,0.0
277,277,1-4051,4,5,1-4051,5,0,0,0,0.0,0.0
545,545,1-19567,16,2,1-19567,2,0,0,0,0.0,0.0
317,317,1-10978,1,8,1-10978,1,0,0,0,0.0,0.0
550,550,1-19568,1,1,1-19568,2,0,0,0,0.0,0.0
127,127,1-9643,7,6,1-9643,8,0,0,0,0.0,0.0
86,86,1-9345,16,2,1-9345,47,0,0,0,0.0,0.0
519,519,1-4926,15,12,1-4926,4,0,0,0,0.0,0.0
15,15,1-8093,6,11,1-8093,4,0,0,0,0.0,0.0
120,120,1-10232,6,11,1-10232,5,0,0,0,0.0,0.0
555,555,1-3646,1,8,1-3646,7,0,0,0,0.0,0.0
107,107,1-6971,2,10,1-6971,10,0,0,0,0.0,0.0
551,551,1-9838,9,8,1-9838,3,0,0,0,0.0,0.0
212,212,1-10922,14,9,1-10922,1,0,0,0,0.0,0.0
546,546,1-7527,12,15,1-7527,1,0,0,0,0.0,0.0
165,165,1-7721,3,1,1-7721,20,0,0,0,0.0,0.0
274,274,1-0033,3,1,1-0033,10,0,0,0,0.0,0.0
21,21,1-3519,4,5,1-3519,27,0,0,0,0.0,0.0
16,16,1-9955,3,1,1-9955,60,0,0,0,0.0,0.0
167,167,1-4929,5,22,1-4929,10,0,0,0,0.0,0.0
19,19,1-2596,20,22,1-2596,35,0,0,0,0.0,0.0
369,369,1-6594,1,5,1-6594,70,0,0,0,0.0,0.0
549,549,1-4842,7,1,1-4842,6,0,0,0,0.0,0.0
492,492,1-6028,7,1,1-6028,2,0,0,0,0.0,0.0
508,508,1-8532,14,16,1-8532,4,0,0,0,0.0,0.0
503,503,1-9076,15,8,1-9076,9,0,0,0,0.0,0.0
