Unnamed: 0.12,Unnamed: 0.11,Unnamed: 0.10,Unnamed: 0.9,Unnamed: 0.8,Unnamed: 0.7,Unnamed: 0.6,Unnamed: 0.5,Unnamed: 0.4,Unnamed: 0.3,Unnamed: 0.2,Unnamed: 0.1,Unnamed: 0,Exam Group,Exam Block,slot,exam,size,b2bs,confs,2i3s,score,score_norm
141,141,141,141,141,141,141,141,141,141,141,141,141,MLG45,20,17,MLG45,70,14,1,10,1023.7787976264954,14.62541139466422
4,4,4,4,4,4,4,4,4,4,4,4,4,1-6240,20,17,1-6240,698,68,1,76,1142.3188619613647,1.636559974156683
423,423,423,423,423,423,423,423,423,423,423,423,423,1-7122,13,15,1-7122,197,22,0,201,218.55383229255676,1.109410316205872
385,385,385,385,385,385,385,385,385,385,385,385,385,1-6974,19,13,1-6974,207,8,0,204,207.48747158050537,1.0023549351715235
298,298,298,298,298,298,298,298,298,298,298,298,298,1-7019,20,17,1-7019,107,11,0,96,104.87645721435547,0.9801538057416399
399,399,399,399,399,399,399,399,399,399,399,399,399,MLG60,15,6,MLG60,47,26,0,6,31.867278575897217,0.6780272037424939
517,517,517,517,517,517,517,517,517,517,517,517,517,1-18028,18,18,1-18028,309,36,0,171,203.21743941307068,0.6576616162235297
106,106,106,106,106,106,106,106,106,106,106,106,106,MLG69,18,18,MLG69,576,121,0,255,370.3593394756317,0.6429849643674161
166,166,166,166,166,166,166,166,166,166,166,166,166,MLG40,14,14,MLG40,51,18,0,15,32.66819643974304,0.6405528713675106
322,322,322,322,322,322,322,322,322,322,322,322,322,1-0296,18,18,1-0296,41,11,0,15,25.668196439743042,0.6260535717010498
248,248,248,248,248,248,248,248,248,248,248,248,248,1-2400,1,11,1-2400,49,7,0,24,30.469114303588867,0.6218186592569157
526,526,526,526,526,526,526,526,526,526,526,526,526,1-5002,11,7,1-5002,45,12,0,16,27.646076202392578,0.6143572489420573
443,443,443,443,443,443,443,443,443,443,443,443,443,1-3447,8,12,1-3447,110,41,0,26,66.42487382888794,0.6038624893535267
454,454,454,454,454,454,454,454,454,454,454,454,454,1-0272,9,16,1-0272,111,44,0,23,66.49123454093933,0.5990201309994534
437,437,437,437,437,437,437,437,437,437,437,437,437,1-6980,6,9,1-6980,128,28,0,49,75.91610836982727,0.5930945966392756
462,462,462,462,462,462,462,462,462,462,462,462,462,1-1183,13,13,1-1183,45,23,0,3,25.93363928794861,0.5763030952877468
364,364,364,364,364,364,364,364,364,364,364,364,364,1-7682,20,17,1-7682,141,34,0,48,80.93822860717773,0.5740299901218279
234,234,234,234,234,234,234,234,234,234,234,234,234,MLG29,11,7,MLG29,164,56,0,39,94.13731074333191,0.5740079923373896
346,346,346,346,346,346,346,346,346,346,346,346,346,MLG32,14,14,MLG32,52,10,0,20,29.557595252990723,0.5684152933267447
92,92,92,92,92,92,92,92,92,92,92,92,92,1-7807,9,16,1-7807,239,33,0,103,133.72161555290222,0.559504667585365
446,446,446,446,446,446,446,446,446,446,446,446,446,1-3534,9,16,1-3534,279,63,0,90,151.00917863845825,0.54125153633856
329,329,329,329,329,329,329,329,329,329,329,329,329,1-1317,10,20,1-1317,414,15,0,212,222.31050968170166,0.5369819074437239
300,300,300,300,300,300,300,300,300,300,300,300,300,1-4020,17,10,1-4020,37,10,0,10,19.77879762649536,0.5345620980133882
422,422,422,422,422,422,422,422,422,422,422,422,422,1-6878,17,10,1-6878,167,70,0,18,87.60183572769165,0.5245618905849799
483,483,483,483,483,483,483,483,483,483,483,483,483,1-9491,20,17,1-9491,80,30,0,12,41.734557151794434,0.5216819643974304
463,463,463,463,463,463,463,463,463,463,463,463,463,1-1989,19,17,1-1989,46,23,0,1,23.977879762649536,0.5212582557097726
367,367,367,367,367,367,367,367,367,367,367,367,367,1-8544,7,17,1-8544,54,27,0,1,27.977879762649536,0.5181088844935099
270,270,270,270,270,270,270,270,270,270,270,270,270,1-1390,8,12,1-1390,98,31,0,20,50.55759525299072,0.5158938291121502
263,263,263,263,263,263,263,263,263,263,263,263,263,1-6927,14,14,1-6927,179,58,0,35,92.22579169273376,0.5152278865515852
400,400,400,400,400,400,400,400,400,400,400,400,400,1-18709,11,7,1-18709,33,3,0,14,16.690316677093506,0.5057671720331366
253,253,253,253,253,253,253,253,253,253,253,253,253,1-4649,18,18,1-4649,244,40,0,85,123.11977982521057,0.5045892615787319
545,545,545,545,545,545,545,545,545,545,545,545,545,1-19567,3,23,1-19567,2,1,0,0,1.0,0.5
490,490,490,490,490,490,490,490,490,490,490,490,490,1-3551,1,11,1-3551,6,2,0,1,2.977879762649536,0.49631329377492267
259,259,259,259,259,259,259,259,259,259,259,259,259,1-3596,18,18,1-3596,223,46,0,66,110.54006433486938,0.4956953557617461
140,140,140,140,140,140,140,140,140,140,140,140,140,1-2294,4,1,1-2294,75,37,0,0,37.0,0.49333333333333335
319,319,319,319,319,319,319,319,319,319,319,319,319,1-3584,11,7,1-3584,26,3,0,10,12.778797626495361,0.49149221640366775
561,561,561,561,561,561,561,561,561,561,561,561,561,1-9455,6,9,1-9455,2,0,0,1,0.9778797626495361,0.48893988132476807
550,550,550,550,550,550,550,550,550,550,550,550,550,1-19568,18,18,1-19568,2,0,0,1,0.9778797626495361,0.48893988132476807
217,217,217,217,217,217,217,217,217,217,217,217,217,1-9630,7,19,1-9630,33,10,0,6,15.867278575897217,0.48082662351203687
126,126,126,126,126,126,126,126,126,126,126,126,126,1-8488,16,8,1-8488,23,11,0,0,11.0,0.4782608695652174
501,501,501,501,501,501,501,501,501,501,501,501,501,1-18487,17,10,1-18487,23,9,0,2,10.955759525299072,0.47633737066517706
560,560,560,560,560,560,560,560,560,560,560,560,560,1-0027,11,7,1-0027,29,4,0,10,13.778797626495361,0.47513095263777105
128,128,128,128,128,128,128,128,128,128,128,128,128,1-19286,13,6,1-19286,40,16,0,3,18.93363928794861,0.47334098219871523
332,332,332,332,332,332,332,332,332,332,332,332,332,MLG78,20,17,MLG78,80,31,0,7,37.84515833854675,0.4730644792318344
464,464,464,464,464,464,464,464,464,464,464,464,464,1-10060,20,19,1-10060,36,17,0,0,17.0,0.4722222222222222
60,60,60,60,60,60,60,60,60,60,60,60,60,1-18202,9,16,1-18202,23,0,0,11,10.756677389144897,0.46768162561499554
251,251,251,251,251,251,251,251,251,251,251,251,251,1-7268,6,9,1-7268,70,15,0,18,32.60183572769165,0.465740510395595
461,461,461,461,461,461,461,461,461,461,461,461,461,1-9651,6,9,1-9651,38,1,0,17,17.623955965042114,0.4637883148695293
103,103,103,103,103,103,103,103,103,103,103,103,103,1-8820,6,9,1-8820,83,13,0,26,38.42487382888794,0.46295028709503544
389,389,389,389,389,389,389,389,389,389,389,389,389,1-0278,8,12,1-0278,79,11,0,26,36.42487382888794,0.4610743522644043
327,327,327,327,327,327,327,327,327,327,327,327,327,P-16616,8,12,P-16616,28,8,0,5,12.88939881324768,0.4603356719017029
153,153,153,153,153,153,153,153,153,153,153,153,153,1-1350,20,17,1-1350,195,58,0,32,89.29215240478516,0.4579084738706931
471,471,471,471,471,471,471,471,471,471,471,471,471,1-9794,15,6,1-9794,46,18,0,3,20.93363928794861,0.45507911495540454
302,302,302,302,302,302,302,302,302,302,302,302,302,MLG51,13,15,MLG51,248,53,0,61,112.6506655216217,0.45423655452266815
398,398,398,398,398,398,398,398,398,398,398,398,398,1-0303,16,8,1-0303,212,44,0,53,95.82762742042542,0.4520171104737048
161,161,161,161,161,161,161,161,161,161,161,161,161,MLG41,14,14,MLG41,66,12,0,18,29.60183572769165,0.4485126625407826
534,534,534,534,534,534,534,534,534,534,534,534,534,1-9457,13,15,1-9457,11,1,0,4,4.9115190505981445,0.4465017318725586
379,379,379,379,379,379,379,379,379,379,379,379,379,1-4640,9,16,1-4640,87,18,0,21,38.53547501564026,0.44293649443264665
350,350,350,350,350,350,350,350,350,350,350,350,350,1-2282,8,12,1-2282,219,51,0,47,96.9603488445282,0.4427413189247863
390,390,390,390,390,390,390,390,390,390,390,390,390,MLG64,14,14,MLG64,245,26,0,84,108.14190006256104,0.4413955104594328
481,481,481,481,481,481,481,481,481,481,481,481,481,1-10038,6,18,1-10038,76,12,0,22,33.513354778289795,0.4409651944511815
485,485,485,485,485,485,485,485,485,485,485,485,485,1-5980,8,7,1-5980,29,2,0,11,12.756677389144897,0.439885427211893
208,208,208,208,208,208,208,208,208,208,208,208,208,1-10468,10,20,1-10468,549,44,0,201,240.55383229255676,0.43816727193544036
268,268,268,268,268,268,268,268,268,268,268,268,268,MLG44,14,14,MLG44,59,15,0,11,25.756677389144897,0.4365538540533033
176,176,176,176,176,176,176,176,176,176,176,176,176,1-8042,14,14,1-8042,52,2,0,21,22.53547501564026,0.43337451953154343
457,457,457,457,457,457,457,457,457,457,457,457,457,1-8503,11,7,1-8503,16,4,0,3,6.933639287948608,0.433352455496788
544,544,544,544,544,544,544,544,544,544,544,544,544,1-5799,8,12,1-5799,7,2,0,1,2.977879762649536,0.42541139466421946
294,294,294,294,294,294,294,294,294,294,294,294,294,1-3509,16,8,1-3509,35,7,0,8,14.823038101196289,0.423515374319894
237,237,237,237,237,237,237,237,237,237,237,237,237,1-9667,13,15,1-9667,14,2,0,4,5.9115190505981445,0.4222513607570103
308,308,308,308,308,308,308,308,308,308,308,308,308,1-6743,6,9,1-6743,58,1,0,24,24.469114303588867,0.4218812810963598
86,86,86,86,86,86,86,86,86,86,86,86,86,1-9345,2,22,1-9345,47,8,0,12,19.734557151794434,0.4198841947190305
353,353,353,353,353,353,353,353,353,353,353,353,353,MLG50,7,19,MLG50,319,110,0,23,132.49123454093933,0.41533302363930824
91,91,91,91,91,91,91,91,91,91,91,91,91,72-12171,14,14,72-12171,19,3,0,5,7.889398813247681,0.41523151648672
244,244,244,244,244,244,244,244,244,244,244,244,244,MLG57,6,9,MLG57,629,129,0,135,261.0137679576874,0.4149662447657987
552,552,552,552,552,552,552,552,552,552,552,552,552,MLG46,7,19,MLG46,17,7,0,0,7.0,0.4117647058823529
3,3,3,3,3,3,3,3,3,3,3,3,3,1-8222,1,11,1-8222,12,2,0,3,4.933639287948608,0.4111366073290507
504,504,504,504,504,504,504,504,504,504,504,504,504,1-5425,14,14,1-5425,17,5,0,2,6.955759525299072,0.4091623250175925
562,562,562,562,562,562,562,562,562,562,562,562,562,1-0003,20,17,1-0003,17,5,0,2,6.955759525299072,0.4091623250175925
417,417,417,417,417,417,417,417,417,417,417,417,417,1-10451,16,8,1-10451,46,10,0,9,18.800917863845825,0.4087156057357788
285,285,285,285,285,285,285,285,285,285,285,285,285,1-18615,8,12,1-18615,22,8,0,1,8.977879762649536,0.4080854437567971
159,159,159,159,159,159,159,159,159,159,159,159,159,1-10696,12,5,1-10696,24,0,0,10,9.778797626495361,0.4074499011039734
458,458,458,458,458,458,458,458,458,458,458,458,458,1-7182,20,17,1-7182,22,6,0,3,8.933639287948608,0.4060745130885731
172,172,172,172,172,172,172,172,172,172,172,172,172,1-8573,1,20,1-8573,184,6,0,70,74.45158338546753,0.4046281705731931
149,149,149,149,149,149,149,149,149,149,149,149,149,MLG58,13,15,MLG58,71,11,0,18,28.60183572769165,0.4028427567280514
360,360,360,360,360,360,360,360,360,360,360,360,360,1-6611,9,16,1-6611,89,22,0,14,35.690316677093506,0.40101479412464613
381,381,381,381,381,381,381,381,381,381,381,381,381,1-2335,19,13,1-2335,145,18,0,41,58.09307026863098,0.40064186392159296
414,414,414,414,414,414,414,414,414,414,414,414,414,1-8285,8,12,1-8285,72,17,0,12,28.734557151794434,0.39909107155270046
415,415,415,415,415,415,415,415,415,415,415,415,415,1-1957,19,13,1-1957,47,8,0,11,18.756677389144897,0.3990782423222319
313,313,313,313,313,313,313,313,313,313,313,313,313,1-7521,1,11,1-7521,10,3,0,1,3.977879762649536,0.3977879762649536
442,442,442,442,442,442,442,442,442,442,442,442,442,MLG11,6,9,MLG11,87,17,0,18,34.60183572769165,0.39772224974358217
536,536,536,536,536,536,536,536,536,536,536,536,536,1-9971,18,15,1-9971,15,4,0,2,5.955759525299072,0.39705063501993815
532,532,532,532,532,532,532,532,532,532,532,532,532,1-19447,15,6,1-19447,15,3,0,3,5.933639287948608,0.39557595252990724
46,46,46,46,46,46,46,46,46,46,46,46,46,1-8566,1,11,1-8566,5,1,0,1,1.9778797626495361,0.39557595252990724
427,427,427,427,427,427,427,427,427,427,427,427,427,1-9379,8,12,1-9379,58,17,0,6,22.867278575897217,0.3942634237223658
450,450,450,450,450,450,450,450,450,450,450,450,450,1-2297,10,20,1-2297,25,2,0,8,9.823038101196289,0.3929215240478516
511,511,511,511,511,511,511,511,511,511,511,511,511,1-9697,8,12,1-9697,20,1,0,7,7.845158338546753,0.39225791692733764
391,391,391,391,391,391,391,391,391,391,391,391,391,MLG30,17,10,MLG30,208,17,0,66,81.54006433486938,0.3920195400714874
455,455,455,455,455,455,455,455,455,455,455,455,455,1-17790,17,10,1-17790,5,0,0,2,1.9557595252990723,0.39115190505981445
14,14,14,14,14,14,14,14,14,14,14,14,14,1-6098,11,7,1-6098,1327,170,0,356,518.1251955032349,0.3904485271312998
293,293,293,293,293,293,293,293,293,293,293,293,293,1-8066,1,11,1-8066,86,14,0,20,33.55759525299072,0.3902045959650084
214,214,214,214,214,214,214,214,214,214,214,214,214,1-0053,11,7,1-0053,142,14,0,42,55.07095003128052,0.3878235917695811
351,351,351,351,351,351,351,351,351,351,351,351,351,1-19229,16,8,1-19229,38,3,0,12,14.734557151794434,0.38775150399459035
68,68,68,68,68,68,68,68,68,68,68,68,68,1-7845,13,15,1-7845,36,9,0,5,13.88939881324768,0.38581663370132446
143,143,143,143,143,143,143,143,143,143,143,143,143,1-8928,16,8,1-8928,39,12,0,3,14.933639287948608,0.38291382789611816
74,74,74,74,74,74,74,74,74,74,74,74,74,1-8124,16,8,1-8124,18,2,0,5,6.889398813247681,0.38274437851376003
267,267,267,267,267,267,267,267,267,267,267,267,267,1-6181,1,11,1-6181,659,55,0,200,250.57595252990723,0.38023665027300035
138,138,138,138,138,138,138,138,138,138,138,138,138,1-5515,2,22,1-5515,29,8,0,3,10.933639287948608,0.377022044412021
183,183,183,183,183,183,183,183,183,183,183,183,183,1-9496,11,20,1-9496,39,0,0,15,14.668196439743042,0.3761076010190524
336,336,336,336,336,336,336,336,336,336,336,336,336,1-1827,20,17,1-1827,24,7,0,2,8.955759525299072,0.37315664688746136
397,397,397,397,397,397,397,397,397,397,397,397,397,1-9808,1,11,1-9808,74,4,0,24,27.469114303588867,0.3712042473457955
537,537,537,537,537,537,537,537,537,537,537,537,537,1-4494,20,17,1-4494,16,3,0,3,5.933639287948608,0.370852455496788
403,403,403,403,403,403,403,403,403,403,403,403,403,1-1770,7,19,1-1770,35,12,0,1,12.977879762649536,0.3707965646471296
554,554,554,554,554,554,554,554,554,554,554,554,554,1-10444,2,22,1-10444,8,1,0,2,2.9557595252990723,0.36946994066238403
451,451,451,451,451,451,451,451,451,451,451,451,451,1-4098,17,10,1-4098,16,1,0,5,5.889398813247681,0.36808742582798004
520,520,520,520,520,520,520,520,520,520,520,520,520,1-2034,11,7,1-2034,16,1,0,5,5.889398813247681,0.36808742582798004
527,527,527,527,527,527,527,527,527,527,527,527,527,1-5531,13,15,1-5531,8,0,0,3,2.9336392879486084,0.36670491099357605
162,162,162,162,162,162,162,162,162,162,162,162,162,1-8067,10,20,1-8067,322,30,0,90,118.00917863845825,0.3664881324175722
123,123,123,123,123,123,123,123,123,123,123,123,123,MLG55,1,11,MLG55,92,19,0,15,33.66819643974304,0.3659586569537287
97,97,97,97,97,97,97,97,97,97,97,97,97,1-9237,7,19,1-9237,38,9,0,5,13.88939881324768,0.3655104950854653
340,340,340,340,340,340,340,340,340,340,340,340,340,1-3362,9,16,1-3362,117,24,0,19,42.57971549034119,0.36392919222513836
383,383,383,383,383,383,383,383,383,383,383,383,383,1-8551,9,16,1-8551,38,3,0,11,13.756677389144897,0.3620178260301289
31,31,31,31,31,31,31,31,31,31,31,31,31,1-8938,11,7,1-8938,30,4,0,7,10.845158338546753,0.36150527795155846
497,497,497,497,497,497,497,497,497,497,497,497,497,1-8493,10,20,1-8493,38,1,0,13,13.71243691444397,0.3608536030116834
331,331,331,331,331,331,331,331,331,331,331,331,331,MLG75,15,6,MLG75,185,56,0,11,66.7566773891449,0.36084690480618864
392,392,392,392,392,392,392,392,392,392,392,392,392,1-9609,11,1,1-9609,25,9,0,0,9.0,0.36
283,283,283,283,283,283,283,283,283,283,283,283,283,1-3535,19,13,1-3535,315,55,0,59,112.69490599632263,0.3577616063375322
219,219,219,219,219,219,219,219,219,219,219,219,219,1-5653,1,11,1-5653,11,1,0,3,3.9336392879486084,0.35760357163169165
514,514,514,514,514,514,514,514,514,514,514,514,514,1-11206,4,1,1-11206,14,5,0,0,5.0,0.35714285714285715
465,465,465,465,465,465,465,465,465,465,465,465,465,1-5913,20,1,1-5913,14,5,0,0,5.0,0.35714285714285715
279,279,279,279,279,279,279,279,279,279,279,279,279,MLG43,1,11,MLG43,14,4,0,1,4.977879762649536,0.3555628401892526
499,499,499,499,499,499,499,499,499,499,499,499,499,1-8627,20,17,1-8627,25,3,0,6,8.867278575897217,0.35469114303588867
154,154,154,154,154,154,154,154,154,154,154,154,154,1-18994,2,22,1-18994,28,4,0,6,9.867278575897217,0.35240280628204346
236,236,236,236,236,236,236,236,236,236,236,236,236,1-7024,16,8,1-7024,498,78,0,99,174.81009650230408,0.3510242901652692
516,516,516,516,516,516,516,516,516,516,516,516,516,1-5036,11,7,1-5036,14,1,0,4,4.9115190505981445,0.3508227893284389
333,333,333,333,333,333,333,333,333,333,333,333,333,1-11329,8,12,1-11329,14,1,0,4,4.9115190505981445,0.3508227893284389
200,200,200,200,200,200,200,200,200,200,200,200,200,1-4634,11,7,1-4634,48,9,0,8,16.82303810119629,0.35047996044158936
190,190,190,190,190,190,190,190,190,190,190,190,190,1-2382,8,12,1-2382,139,35,0,14,48.690316677093506,0.35029004803664393
498,498,498,498,498,498,498,498,498,498,498,498,498,1-19915,14,14,1-19915,62,7,0,15,21.668196439743042,0.34948703935069425
228,228,228,228,228,228,228,228,228,228,228,228,228,1-17835,13,15,1-17835,17,2,0,4,5.9115190505981445,0.3477364147410673
85,85,85,85,85,85,85,85,85,85,85,85,85,1-8084,11,7,1-8084,82,5,0,24,28.469114303588867,0.347184320775474
434,434,434,434,434,434,434,434,434,434,434,434,434,MLG59,17,10,MLG59,71,8,0,17,24.623955965042114,0.34681628119777624
193,193,193,193,193,193,193,193,193,193,193,193,193,1-9553,9,16,1-9553,23,5,0,3,7.933639287948608,0.34494083860646124
344,344,344,344,344,344,344,344,344,344,344,344,344,1-6035,11,7,1-6035,23,5,0,3,7.933639287948608,0.34494083860646124
528,528,528,528,528,528,528,528,528,528,528,528,528,1-6718,14,14,1-6718,20,2,0,5,6.889398813247681,0.344469940662384
467,467,467,467,467,467,467,467,467,467,467,467,467,1-13247,13,15,1-13247,29,9,0,1,9.977879762649536,0.34406481940170813
13,13,13,13,13,13,13,13,13,13,13,13,13,1-9805,16,8,1-9805,26,6,0,3,8.933639287948608,0.34360151107494646
500,500,500,500,500,500,500,500,500,500,500,500,500,1-0292,17,10,1-0292,99,24,0,10,33.77879762649536,0.3411999760252057
209,209,209,209,209,209,209,209,209,209,209,209,209,1-9938,15,20,1-9938,55,5,0,14,18.690316677093506,0.3398239395835183
406,406,406,406,406,406,406,406,406,406,406,406,406,1-17907,9,16,1-17907,119,14,0,27,40.402753591537476,0.3395189377440124
524,524,524,524,524,524,524,524,524,524,524,524,524,1-9338,10,20,1-9338,29,2,0,8,9.823038101196289,0.33872545176538926
487,487,487,487,487,487,487,487,487,487,487,487,487,1-6900,6,9,1-6900,67,8,0,15,22.668196439743042,0.3383312901454185
39,39,39,39,39,39,39,39,39,39,39,39,39,1-7467,14,14,1-7467,64,5,0,17,21.623955965042114,0.33787431195378304
393,393,393,393,393,393,393,393,393,393,393,393,393,1-7819,20,17,1-7819,59,14,0,6,19.867278575897217,0.33673353518469856
542,542,542,542,542,542,542,542,542,542,542,542,542,1-1191,19,13,1-1191,53,9,0,9,17.800917863845825,0.3358663747895439
99,99,99,99,99,99,99,99,99,99,99,99,99,1-5775,13,15,1-5775,244,27,0,56,81.76126670837402,0.3350871586408771
496,496,496,496,496,496,496,496,496,496,496,496,496,1-3176,1,11,1-3176,3,1,0,0,1.0,0.3333333333333333
8,8,8,8,8,8,8,8,8,8,8,8,8,1-8181,11,7,1-8181,30,4,0,6,9.867278575897217,0.3289092858632406
369,369,369,369,369,369,369,369,369,369,369,369,369,1-6594,3,23,1-6594,70,23,0,0,23.0,0.32857142857142857
104,104,104,104,104,104,104,104,104,104,104,104,104,1-8267,9,16,1-8267,133,25,0,19,43.57971549034119,0.3276670337619638
551,551,551,551,551,551,551,551,551,551,551,551,551,1-9838,1,11,1-9838,3,0,0,1,0.9778797626495361,0.3259599208831787
564,564,564,564,564,564,564,564,564,564,564,564,564,1-9034,6,9,1-9034,3,0,0,1,0.9778797626495361,0.3259599208831787
278,278,278,278,278,278,278,278,278,278,278,278,278,1-10762,18,18,1-10762,6,0,0,2,1.9557595252990723,0.3259599208831787
205,205,205,205,205,205,205,205,205,205,205,205,205,1-8018,16,8,1-8018,58,11,0,8,18.82303810119629,0.3245351396757981
388,388,388,388,388,388,388,388,388,388,388,388,388,MLG49,13,15,MLG49,185,37,0,23,59.49123454093933,0.3215742407618342
62,62,62,62,62,62,62,62,62,62,62,62,62,1-9818,3,23,1-9818,28,9,0,0,9.0,0.32142857142857145
435,435,435,435,435,435,435,435,435,435,435,435,435,1-9610,19,13,1-9610,49,4,0,12,15.734557151794434,0.32111341126111087
357,357,357,357,357,357,357,357,357,357,357,357,357,1-4760,2,22,1-4760,40,5,0,8,12.823038101196289,0.3205759525299072
189,189,189,189,189,189,189,189,189,189,189,189,189,1-9156,19,13,1-9156,268,37,0,49,84.91610836982727,0.31685115063368385
117,117,117,117,117,117,117,117,117,117,117,117,117,1-0358,16,8,1-0358,22,5,0,2,6.955759525299072,0.3161708875135942
206,206,206,206,206,206,206,206,206,206,206,206,206,1-9752,1,11,1-9752,22,3,0,4,6.9115190505981445,0.3141599568453702
102,102,102,102,102,102,102,102,102,102,102,102,102,1-3564,2,22,1-3564,41,7,0,6,12.867278575897217,0.3138360628267614
311,311,311,311,311,311,311,311,311,311,311,311,311,1-20578,2,22,1-20578,19,4,0,2,5.955759525299072,0.3134610276473196
25,25,25,25,25,25,25,25,25,25,25,25,25,1-9607,13,15,1-9607,19,4,0,2,5.955759525299072,0.3134610276473196
368,368,368,368,368,368,368,368,368,368,368,368,368,1-5197,10,20,1-5197,72,1,0,22,22.513354778289795,0.3126854830318027
292,292,292,292,292,292,292,292,292,292,292,292,292,1-9997,3,23,1-9997,16,5,0,0,5.0,0.3125
179,179,179,179,179,179,179,179,179,179,179,179,179,1-4052,7,1,1-4052,13,4,0,0,4.0,0.3076923076923077
241,241,241,241,241,241,241,241,241,241,241,241,241,1-19448,16,8,1-19448,45,7,0,7,13.845158338546753,0.30767018530103896
19,19,19,19,19,19,19,19,19,19,19,19,19,1-2596,6,9,1-2596,35,0,0,11,10.756677389144897,0.3073336396898542
199,199,199,199,199,199,199,199,199,199,199,199,199,MLG39,8,12,MLG39,23,5,0,2,6.955759525299072,0.3024243271869162
343,343,343,343,343,343,343,343,343,343,343,343,343,1-4319,10,20,1-4319,163,11,0,39,49.13731074333191,0.3014558941308706
384,384,384,384,384,384,384,384,384,384,384,384,384,1-9270,12,5,1-9270,128,16,0,23,38.49123454093933,0.3007127698510885
67,67,67,67,67,67,67,67,67,67,67,67,67,1-7481,18,18,1-7481,33,4,0,6,9.867278575897217,0.29900844169385504
531,531,531,531,531,531,531,531,531,531,531,531,531,1-5891,6,9,1-5891,96,15,0,14,28.690316677093506,0.2988574653863907
201,201,201,201,201,201,201,201,201,201,201,201,201,1-9902,1,11,1-9902,30,6,0,3,8.933639287948608,0.2977879762649536
220,220,220,220,220,220,220,220,220,220,220,220,220,MLG73,1,11,MLG73,10,1,0,2,2.9557595252990723,0.2955759525299072
167,167,167,167,167,167,167,167,167,167,167,167,167,1-4929,20,17,1-4929,10,1,0,2,2.9557595252990723,0.2955759525299072
420,420,420,420,420,420,420,420,420,420,420,420,420,1-8172,19,13,1-8172,40,4,0,8,11.823038101196289,0.2955759525299072
538,538,538,538,538,538,538,538,538,538,538,538,538,1-9576,1,11,1-9576,10,1,0,2,2.9557595252990723,0.2955759525299072
352,352,352,352,352,352,352,352,352,352,352,352,352,MLG63,6,9,MLG63,380,12,0,102,111.74373579025269,0.2940624626059281
1,1,1,1,1,1,1,1,1,1,1,1,1,1-9185,8,12,1-9185,31,7,0,2,8.955759525299072,0.2888954685580346
378,378,378,378,378,378,378,378,378,378,378,378,378,1-6561,12,5,1-6561,65,6,0,13,18.71243691444397,0.28788364483759954
513,513,513,513,513,513,513,513,513,513,513,513,513,1-8094,2,22,1-8094,58,2,0,15,16.668196439743042,0.287382697236949
510,510,510,510,510,510,510,510,510,510,510,510,510,1-3206,2,22,1-3206,45,6,0,7,12.845158338546753,0.28544796307881676
339,339,339,339,339,339,339,339,339,339,339,339,339,1-3523,2,22,1-3523,543,45,0,112,154.52253341674805,0.28457188474539236
539,539,539,539,539,539,539,539,539,539,539,539,539,1-9436,6,9,1-9436,21,3,0,3,5.933639287948608,0.2825542518070766
328,328,328,328,328,328,328,328,328,328,328,328,328,1-9497,11,7,1-9497,150,11,0,32,42.292152404785156,0.2819476826985677
438,438,438,438,438,438,438,438,438,438,438,438,438,MLG10,17,6,MLG10,60,12,0,5,16.88939881324768,0.2814899802207947
512,512,512,512,512,512,512,512,512,512,512,512,512,1-3033,2,22,1-3033,7,0,0,2,1.9557595252990723,0.27939421789986746
309,309,309,309,309,309,309,309,309,309,309,309,309,1-3516,9,16,1-3516,156,24,0,20,43.55759525299072,0.279215354185838
58,58,58,58,58,58,58,58,58,58,58,58,58,1-17733,10,20,1-17733,74,5,0,16,20.646076202392578,0.27900102976206187
558,558,558,558,558,558,558,558,558,558,558,558,558,1-0055,20,19,1-0055,18,5,0,0,5.0,0.2777777777777778
291,291,291,291,291,291,291,291,291,291,291,291,291,MLG02,1,11,MLG02,320,28,0,62,88.62854528427124,0.27696420401334765
355,355,355,355,355,355,355,355,355,355,355,355,355,1-9498,12,5,1-9498,64,4,0,14,17.690316677093506,0.27641119807958603
382,382,382,382,382,382,382,382,382,382,382,382,382,1-18558,2,22,1-18558,307,27,0,59,84.69490599632263,0.27587917262645806
533,533,533,533,533,533,533,533,533,533,533,533,533,1-7530,9,16,1-7530,25,2,0,5,6.889398813247681,0.27557595252990724
145,145,145,145,145,145,145,145,145,145,145,145,145,MLG06,12,5,MLG06,18,1,0,4,4.9115190505981445,0.2728621694776747
101,101,101,101,101,101,101,101,101,101,101,101,101,1-9892,3,23,1-9892,22,6,0,0,6.0,0.2727272727272727
365,365,365,365,365,365,365,365,365,365,365,365,365,MLG48,8,12,MLG48,159,11,0,33,43.27003216743469,0.2721385670907842
131,131,131,131,131,131,131,131,131,131,131,131,131,1-9283,18,18,1-9283,235,5,0,60,63.67278575897217,0.27094802450626454
174,174,174,174,174,174,174,174,174,174,174,174,174,MLG38,8,12,MLG38,77,12,0,9,20.800917863845825,0.27014179043955616
342,342,342,342,342,342,342,342,342,342,342,342,342,MLG65,7,19,MLG65,201,15,0,40,54.115190505981445,0.2692298035123455
529,529,529,529,529,529,529,529,529,529,529,529,529,1-6217,17,10,1-6217,44,4,0,8,11.823038101196289,0.26870541139082477
472,472,472,472,472,472,472,472,472,472,472,472,472,1-9518,1,11,1-9518,22,0,0,6,5.867278575897217,0.26669448072260077
488,488,488,488,488,488,488,488,488,488,488,488,488,1-11350,2,22,1-11350,100,11,0,16,26.646076202392578,0.26646076202392577
459,459,459,459,459,459,459,459,459,459,459,459,459,1-2545,15,6,1-2545,145,22,0,17,38.623955965042114,0.26637211010373874
543,543,543,543,543,543,543,543,543,543,543,543,543,1-5803,2,8,1-5803,15,3,0,1,3.977879762649536,0.26519198417663575
296,296,296,296,296,296,296,296,296,296,296,296,296,1-9404,10,20,1-9404,100,5,0,22,26.513354778289795,0.26513354778289794
419,419,419,419,419,419,419,419,419,419,419,419,419,1-6692,19,13,1-6692,71,11,0,8,18.82303810119629,0.2651132126929055
380,380,380,380,380,380,380,380,380,380,380,380,380,1-7004,9,16,1-7004,381,51,0,51,100.87186789512634,0.2647555587798592
386,386,386,386,386,386,386,386,386,386,386,386,386,MLG68,15,6,MLG68,642,119,0,52,169.84974765777588,0.264563469871925
304,304,304,304,304,304,304,304,304,304,304,304,304,1-19004,1,11,1-19004,60,8,0,8,15.823038101196289,0.26371730168660484
448,448,448,448,448,448,448,448,448,448,448,448,448,1-3106,6,9,1-3106,34,7,0,2,8.955759525299072,0.26340469192056093
203,203,203,203,203,203,203,203,203,203,203,203,203,1-1250,18,18,1-1250,34,7,0,2,8.955759525299072,0.26340469192056093
188,188,188,188,188,188,188,188,188,188,188,188,188,1-20167,11,7,1-20167,56,2,0,13,14.71243691444397,0.26272208775792805
494,494,494,494,494,494,494,494,494,494,494,494,494,1-3265,1,11,1-3265,19,1,0,4,4.9115190505981445,0.25850100266306025
412,412,412,412,412,412,412,412,412,412,412,412,412,1-6858,14,20,1-6858,23,2,0,4,5.9115190505981445,0.2570225674173106
515,515,515,515,515,515,515,515,515,515,515,515,515,1-6531,9,16,1-6531,27,2,0,5,6.889398813247681,0.2551629190091734
51,51,51,51,51,51,51,51,51,51,51,51,51,1-9925,10,20,1-9925,93,3,0,21,23.53547501564026,0.2530696238240888
356,356,356,356,356,356,356,356,356,356,356,356,356,1-9761,6,9,1-9761,35,2,0,7,8.845158338546753,0.2527188096727644
5,5,5,5,5,5,5,5,5,5,5,5,5,1-5549,10,20,1-5549,35,1,0,8,8.823038101196289,0.25208680289132257
470,470,470,470,470,470,470,470,470,470,470,470,470,1-1204,2,22,1-1204,39,2,0,8,9.823038101196289,0.25187277182554585
12,12,12,12,12,12,12,12,12,12,12,12,12,MLG84,15,6,MLG84,63,10,0,6,15.867278575897217,0.2518615646967812
272,272,272,272,272,272,272,272,272,272,272,272,272,1-1570,12,5,1-1570,142,17,0,19,35.57971549034119,0.2505613766925436
127,127,127,127,127,127,127,127,127,127,127,127,127,1-9643,2,22,1-9643,8,2,0,0,2.0,0.25
80,80,80,80,80,80,80,80,80,80,80,80,80,1-9115,4,1,1-9115,16,4,0,0,4.0,0.25
404,404,404,404,404,404,404,404,404,404,404,404,404,1-4682,16,8,1-4682,16,4,0,0,4.0,0.25
238,238,238,238,238,238,238,238,238,238,238,238,238,1-9855,2,22,1-9855,8,2,0,0,2.0,0.25
303,303,303,303,303,303,303,303,303,303,303,303,303,1-8157,19,13,1-8157,75,7,0,12,18.734557151794434,0.2497940953572591
221,221,221,221,221,221,221,221,221,221,221,221,221,1-8023,9,16,1-8023,16,3,0,1,3.977879762649536,0.248617485165596
213,213,213,213,213,213,213,213,213,213,213,213,213,1-18563,7,19,1-18563,8,1,0,1,1.9778797626495361,0.24723497033119202
231,231,231,231,231,231,231,231,231,231,231,231,231,1-8450,19,13,1-8450,52,5,0,8,12.823038101196289,0.2465968865614671
315,315,315,315,315,315,315,315,315,315,315,315,315,1-1769,14,14,1-1769,89,18,0,4,21.911519050598145,0.24619684326514768
222,222,222,222,222,222,222,222,222,222,222,222,222,1-4149,18,18,1-4149,16,1,0,3,3.9336392879486084,0.24585245549678802
98,98,98,98,98,98,98,98,98,98,98,98,98,1-8127,13,15,1-8127,32,1,0,7,7.845158338546753,0.24516119807958603
338,338,338,338,338,338,338,338,338,338,338,338,338,1-6296,17,10,1-6296,254,24,0,39,62.13731074333191,0.24463508166666106
476,476,476,476,476,476,476,476,476,476,476,476,476,1-19205,1,11,1-19205,12,0,0,3,2.9336392879486084,0.24446994066238403
216,216,216,216,216,216,216,216,216,216,216,216,216,1-9887,2,22,1-9887,36,0,0,9,8.800917863845825,0.24446994066238403
460,460,460,460,460,460,460,460,460,460,460,460,460,1-7993,13,15,1-7993,24,0,0,6,5.867278575897217,0.24446994066238403
119,119,119,119,119,119,119,119,119,119,119,119,119,1-5929,1,11,1-5929,4,0,0,1,0.9778797626495361,0.24446994066238403
426,426,426,426,426,426,426,426,426,426,426,426,426,1-4355,18,22,1-4355,49,6,0,6,11.867278575897217,0.24218935869177993
305,305,305,305,305,305,305,305,305,305,305,305,305,1-7866,2,22,1-7866,318,30,0,48,76.93822860717773,0.2419441151169111
429,429,429,429,429,429,429,429,429,429,429,429,429,1-6693,11,7,1-6693,98,6,0,18,23.60183572769165,0.24083505844583317
421,421,421,421,421,421,421,421,421,421,421,421,421,1-8398,15,6,1-8398,54,11,0,2,12.955759525299072,0.23992147269072356
33,33,33,33,33,33,33,33,33,33,33,33,33,1-7991,4,1,1-7991,46,11,0,0,11.0,0.2391304347826087
64,64,64,64,64,64,64,64,64,64,64,64,64,1-9674,10,20,1-9674,144,4,0,31,34.31427264213562,0.2382935600148307
522,522,522,522,522,522,522,522,522,522,522,522,522,1-5282,14,14,1-5282,17,3,0,1,3.977879762649536,0.2339929272146786
139,139,139,139,139,139,139,139,139,139,139,139,139,1-7863,12,5,1-7863,351,30,0,52,80.84974765777588,0.2303411614181649
486,486,486,486,486,486,486,486,486,486,486,486,486,1-8678,2,22,1-8678,17,0,0,4,3.9115190505981445,0.2300893559175379
295,295,295,295,295,295,295,295,295,295,295,295,295,1-3639,10,20,1-3639,17,0,0,4,3.9115190505981445,0.2300893559175379
72,72,72,72,72,72,72,72,72,72,72,72,72,1-9614,18,18,1-9614,30,2,0,5,6.889398813247681,0.22964662710825604
475,475,475,475,475,475,475,475,475,475,475,475,475,1-18234,1,11,1-18234,43,2,0,8,9.823038101196289,0.22844274653944857
478,478,478,478,478,478,478,478,478,478,478,478,478,1-9394,19,13,1-9394,117,13,0,14,26.690316677093506,0.22812236476148295
408,408,408,408,408,408,408,408,408,408,408,408,408,MLG53,13,15,MLG53,91,10,0,11,20.756677389144897,0.2280953559246692
218,218,218,218,218,218,218,218,218,218,218,218,218,1-9416,9,16,1-9416,13,1,0,2,2.9557595252990723,0.22736611733069786
94,94,94,94,94,94,94,94,94,94,94,94,94,1-3083,2,22,1-3083,78,5,0,13,17.71243691444397,0.22708252454415345
266,266,266,266,266,266,266,266,266,266,266,266,266,1-2103,12,5,1-2103,26,1,0,5,5.889398813247681,0.22651533897106463
24,24,24,24,24,24,24,24,24,24,24,24,24,1-7140,16,8,1-7140,397,74,0,16,89.64607620239258,0.22580875617731128
157,157,157,157,157,157,157,157,157,157,157,157,157,1-6061,4,1,1-6061,40,9,0,0,9.0,0.225
170,170,170,170,170,170,170,170,170,170,170,170,170,1-5043,12,5,1-5043,123,8,0,20,27.557595252990723,0.2240454898617132
232,232,232,232,232,232,232,232,232,232,232,232,232,1-18371,19,13,1-18371,120,18,0,9,26.800917863845825,0.2233409821987152
440,440,440,440,440,440,440,440,440,440,440,440,440,MLG52,7,19,MLG52,125,23,0,5,27.88939881324768,0.22311519050598144
503,503,503,503,503,503,503,503,503,503,503,503,503,1-9076,4,1,1-9076,9,2,0,0,2.0,0.2222222222222222
95,95,95,95,95,95,95,95,95,95,95,95,95,1-3312,4,1,1-3312,36,8,0,0,8.0,0.2222222222222222
402,402,402,402,402,402,402,402,402,402,402,402,402,1-5744,1,11,1-5744,18,3,0,1,3.977879762649536,0.22099332014719644
87,87,87,87,87,87,87,87,87,87,87,87,87,MLG35,6,9,MLG35,49,3,0,8,10.823038101196289,0.22087832859584264
547,547,547,547,547,547,547,547,547,547,547,547,547,MLG67,16,10,MLG67,27,4,0,2,5.955759525299072,0.22058368612218787
84,84,84,84,84,84,84,84,84,84,84,84,84,1-18714,9,16,1-18714,32,5,0,2,6.955759525299072,0.217367485165596
439,439,439,439,439,439,439,439,439,439,439,439,439,MLG72,6,9,MLG72,9,0,0,2,1.9557595252990723,0.21730661392211914
129,129,129,129,129,129,129,129,129,129,129,129,129,1-2573,5,2,1-2573,37,8,0,0,8.0,0.21621621621621623
453,453,453,453,453,453,453,453,453,453,453,453,453,1-8397,4,1,1-8397,51,11,0,0,11.0,0.21568627450980393
474,474,474,474,474,474,474,474,474,474,474,474,474,1-8400,10,15,1-8400,33,6,0,1,6.977879762649536,0.2114509018984708
114,114,114,114,114,114,114,114,114,114,114,114,114,1-7496,3,23,1-7496,246,52,0,0,52.0,0.21138211382113822
371,371,371,371,371,371,371,371,371,371,371,371,371,1-1580,2,22,1-1580,400,13,0,73,84.38522267341614,0.21096305668354035
191,191,191,191,191,191,191,191,191,191,191,191,191,1-8328,2,22,1-8328,114,11,0,13,23.71243691444397,0.20800383258284183
171,171,171,171,171,171,171,171,171,171,171,171,171,1-8100,7,6,1-8100,19,1,0,3,3.9336392879486084,0.2070336467341373
407,407,407,407,407,407,407,407,407,407,407,407,407,1-8421,12,5,1-8421,109,3,0,20,22.557595252990723,0.2069504151650525
202,202,202,202,202,202,202,202,202,202,202,202,202,1-8988,4,1,1-8988,29,6,0,0,6.0,0.20689655172413793
354,354,354,354,354,354,354,354,354,354,354,354,354,1-9417,10,20,1-9417,76,2,0,14,15.690316677093506,0.20645153522491455
130,130,130,130,130,130,130,130,130,130,130,130,130,1-1833,19,13,1-1833,124,5,0,21,25.53547501564026,0.20593125012613112
164,164,164,164,164,164,164,164,164,164,164,164,164,1-9740,3,23,1-9740,34,7,0,0,7.0,0.20588235294117646
480,480,480,480,480,480,480,480,480,480,480,480,480,1-1005,11,7,1-1005,125,14,0,12,25.734557151794434,0.20587645721435546
182,182,182,182,182,182,182,182,182,182,182,182,182,1-7752,19,13,1-7752,29,4,0,2,5.955759525299072,0.2053710181137611
430,430,430,430,430,430,430,430,430,430,430,430,430,1-3141,12,5,1-3141,136,6,0,22,27.513354778289795,0.20230407925213084
445,445,445,445,445,445,445,445,445,445,445,445,445,1-6538,19,13,1-6538,44,2,0,7,8.845158338546753,0.20102632587606256
318,318,318,318,318,318,318,318,318,318,318,318,318,1-2324,15,1,1-2324,25,5,0,0,5.0,0.2
444,444,444,444,444,444,444,444,444,444,444,444,444,1-3217,3,23,1-3217,5,1,0,0,1.0,0.2
535,535,535,535,535,535,535,535,535,535,535,535,535,1-5990,7,19,1-5990,5,1,0,0,1.0,0.2
287,287,287,287,287,287,287,287,287,287,287,287,287,1-9836,3,23,1-9836,5,1,0,0,1.0,0.2
505,505,505,505,505,505,505,505,505,505,505,505,505,1-4747,6,19,1-4747,25,4,0,1,4.977879762649536,0.19911519050598145
347,347,347,347,347,347,347,347,347,347,347,347,347,1-8188,16,8,1-8188,140,18,0,10,27.77879762649536,0.19841998304639544
274,274,274,274,274,274,274,274,274,274,274,274,274,1-0033,4,6,1-0033,10,1,0,1,1.9778797626495361,0.19778797626495362
240,240,240,240,240,240,240,240,240,240,240,240,240,MLG33,8,12,MLG33,20,2,0,2,3.9557595252990723,0.19778797626495362
479,479,479,479,479,479,479,479,479,479,479,479,479,1-9286,4,1,1-9286,81,16,0,0,16.0,0.19753086419753085
243,243,243,243,243,243,243,243,243,243,243,243,243,1-1015,9,16,1-1015,155,4,0,27,30.402753591537476,0.1961467973647579
396,396,396,396,396,396,396,396,396,396,396,396,396,1-9963,12,5,1-9963,116,9,0,14,22.690316677093506,0.1956061782508061
284,284,284,284,284,284,284,284,284,284,284,284,284,1-4136,6,9,1-4136,5,0,0,1,0.9778797626495361,0.19557595252990723
197,197,197,197,197,197,197,197,197,197,197,197,197,1-8646,10,20,1-8646,20,0,0,4,3.9115190505981445,0.19557595252990723
370,370,370,370,370,370,370,370,370,370,370,370,370,MLG62,13,15,MLG62,525,36,0,68,102.49582386016846,0.19523014068603517
250,250,250,250,250,250,250,250,250,250,250,250,250,1-9333,19,13,1-9333,102,12,0,8,19.82303810119629,0.19434351079604206
124,124,124,124,124,124,124,124,124,124,124,124,124,1-8427,20,17,1-8427,189,9,0,28,36.38063335418701,0.19249012356712705
424,424,424,424,424,424,424,424,424,424,424,424,424,1-4700,9,16,1-4700,31,3,0,3,5.933639287948608,0.19140771896608413
507,507,507,507,507,507,507,507,507,507,507,507,507,1-6909,18,18,1-6909,36,1,0,6,6.867278575897217,0.19075773821936715
335,335,335,335,335,335,335,335,335,335,335,335,335,1-8910,5,2,1-8910,137,26,0,0,26.0,0.1897810218978102
75,75,75,75,75,75,75,75,75,75,75,75,75,1-8401,18,18,1-8401,57,0,0,11,10.756677389144897,0.18871363840605082
321,321,321,321,321,321,321,321,321,321,321,321,321,1-5172,12,5,1-5172,120,4,0,19,22.579715490341187,0.1881642957528432
473,473,473,473,473,473,473,473,473,473,473,473,473,1-9452,3,23,1-9452,16,3,0,0,3.0,0.1875
144,144,144,144,144,144,144,144,144,144,144,144,144,1-7744,17,10,1-7744,37,1,0,6,6.867278575897217,0.18560212367289775
316,316,316,316,316,316,316,316,316,316,316,316,316,1-7441,12,5,1-7441,111,3,0,18,20.60183572769165,0.18560212367289775
273,273,273,273,273,273,273,273,273,273,273,273,273,1-3589,5,2,1-3589,27,5,0,0,5.0,0.18518518518518517
405,405,405,405,405,405,405,405,405,405,405,405,405,1-3104,18,18,1-3104,16,1,0,2,2.9557595252990723,0.18473497033119202
366,366,366,366,366,366,366,366,366,366,366,366,366,1-5163,18,18,1-5163,16,1,0,2,2.9557595252990723,0.18473497033119202
168,168,168,168,168,168,168,168,168,168,168,168,168,1-9655,8,12,1-9655,27,4,0,1,4.977879762649536,0.184365917135168
207,207,207,207,207,207,207,207,207,207,207,207,207,1-7058,12,5,1-7058,80,1,0,14,14.690316677093506,0.18362895846366883
411,411,411,411,411,411,411,411,411,411,411,411,411,MLG15,8,12,MLG15,105,16,0,3,18.93363928794861,0.18032037417093913
108,108,108,108,108,108,108,108,108,108,108,108,108,1-9731,7,19,1-9731,11,1,0,1,1.9778797626495361,0.17980725114995783
484,484,484,484,484,484,484,484,484,484,484,484,484,MLG31,6,9,MLG31,33,2,0,4,5.9115190505981445,0.1791369409272165
152,152,152,152,152,152,152,152,152,152,152,152,152,1-9500,8,5,1-9500,33,1,0,5,5.889398813247681,0.17846663070447516
299,299,299,299,299,299,299,299,299,299,299,299,299,MLG54,7,19,MLG54,595,56,0,51,105.87186789512634,0.17793591242878376
121,121,121,121,121,121,121,121,121,121,121,121,121,1-7070,20,17,1-7070,129,3,0,20,22.557595252990723,0.17486507948054825
66,66,66,66,66,66,66,66,66,66,66,66,66,1-7536,2,22,1-7536,17,1,0,2,2.9557595252990723,0.17386820737053366
416,416,416,416,416,416,416,416,416,416,416,416,416,1-18203,4,1,1-18203,29,5,0,0,5.0,0.1724137931034483
521,521,521,521,521,521,521,521,521,521,521,521,521,1-19549,1,11,1-19549,29,2,0,3,4.933639287948608,0.17012549268788305
518,518,518,518,518,518,518,518,518,518,518,518,518,1-1850,3,23,1-1850,30,5,0,0,5.0,0.16666666666666666
118,118,118,118,118,118,118,118,118,118,118,118,118,1-6543,1,11,1-6543,12,2,0,0,2.0,0.16666666666666666
525,525,525,525,525,525,525,525,525,525,525,525,525,1-3175,1,11,1-3175,6,1,0,0,1.0,0.16666666666666666
413,413,413,413,413,413,413,413,413,413,413,413,413,1-8314,16,5,1-8314,36,4,0,2,5.955759525299072,0.1654377645916409
113,113,113,113,113,113,113,113,113,113,113,113,113,1-4499,10,20,1-4499,12,1,0,1,1.9778797626495361,0.16482331355412802
255,255,255,255,255,255,255,255,255,255,255,255,255,1-9946,10,5,1-9946,12,1,0,1,1.9778797626495361,0.16482331355412802
246,246,246,246,246,246,246,246,246,246,246,246,246,MLG56,4,1,MLG56,511,84,0,0,84.0,0.1643835616438356
489,489,489,489,489,489,489,489,489,489,489,489,489,1-9578,2,22,1-9578,42,2,0,5,6.889398813247681,0.16403330507732572
358,358,358,358,358,358,358,358,358,358,358,358,358,1-9831,10,20,1-9831,132,1,0,21,21.53547501564026,0.1631475379972747
178,178,178,178,178,178,178,178,178,178,178,178,178,1-7525,14,14,1-7525,6,0,0,1,0.9778797626495361,0.16297996044158936
89,89,89,89,89,89,89,89,89,89,89,89,89,1-18004,11,20,1-18004,12,0,0,2,1.9557595252990723,0.16297996044158936
57,57,57,57,57,57,57,57,57,57,57,57,57,1-1224,10,20,1-1224,151,5,0,20,24.557595252990723,0.16263308114563393
337,337,337,337,337,337,337,337,337,337,337,337,337,1-18613,3,23,1-18613,25,4,0,0,4.0,0.16
409,409,409,409,409,409,409,409,409,409,409,409,409,1-9645,18,18,1-9645,69,5,0,6,10.867278575897217,0.15749679095503213
359,359,359,359,359,359,359,359,359,359,359,359,359,1-4417,17,10,1-4417,151,5,0,19,23.579715490341187,0.15615705622742507
401,401,401,401,401,401,401,401,401,401,401,401,401,1-7204,15,6,1-7204,26,4,0,0,4.0,0.15384615384615385
146,146,146,146,146,146,146,146,146,146,146,146,146,1-7453,9,16,1-7453,13,1,0,1,1.9778797626495361,0.15214459712688738
363,363,363,363,363,363,363,363,363,363,363,363,363,1-10785,12,5,1-10785,279,15,0,28,42.38063335418701,0.15190191166375272
30,30,30,30,30,30,30,30,30,30,30,30,30,1-8418,17,10,1-8418,46,6,0,1,6.977879762649536,0.15169303831846817
348,348,348,348,348,348,348,348,348,348,348,348,348,1-17758,2,22,1-17758,40,6,0,0,6.0,0.15
88,88,88,88,88,88,88,88,88,88,88,88,88,1-5626,12,5,1-5626,125,6,0,13,18.71243691444397,0.14969949531555177
198,198,198,198,198,198,198,198,198,198,198,198,198,1-9839,16,8,1-9839,20,2,0,1,2.977879762649536,0.1488939881324768
73,73,73,73,73,73,73,73,73,73,73,73,73,1-5355,12,5,1-5355,53,3,0,5,7.889398813247681,0.1488565813820317
71,71,71,71,71,71,71,71,71,71,71,71,71,1-6532,2,22,1-6532,27,2,0,2,3.9557595252990723,0.14650961204811377
271,271,271,271,271,271,271,271,271,271,271,271,271,1-7897,19,13,1-7897,95,8,0,6,13.867278575897217,0.14597135343049703
43,43,43,43,43,43,43,43,43,43,43,43,43,1-8705,15,6,1-8705,48,7,0,0,7.0,0.14583333333333334
151,151,151,151,151,151,151,151,151,151,151,151,151,1-9870,20,17,1-9870,27,1,0,3,3.9336392879486084,0.1456903439980966
125,125,125,125,125,125,125,125,125,125,125,125,125,1-8622,1,11,1-8622,54,2,0,6,7.867278575897217,0.1456903439980966
184,184,184,184,184,184,184,184,184,184,184,184,184,1-8074,19,13,1-8074,145,12,0,9,20.800917863845825,0.1434546059575574
187,187,187,187,187,187,187,187,187,187,187,187,187,1-7321,4,1,1-7321,7,1,0,0,1.0,0.14285714285714285
306,306,306,306,306,306,306,306,306,306,306,306,306,1-18377,5,2,1-18377,14,2,0,0,2.0,0.14285714285714285
22,22,22,22,22,22,22,22,22,22,22,22,22,1-7995,7,19,1-7995,14,2,0,0,2.0,0.14285714285714285
93,93,93,93,93,93,93,93,93,93,93,93,93,1-20003,14,14,1-20003,21,3,0,0,3.0,0.14285714285714285
410,410,410,410,410,410,410,410,410,410,410,410,410,MLG12,13,15,MLG12,146,10,0,11,20.756677389144897,0.14216902321332123
395,395,395,395,395,395,395,395,395,395,395,395,395,1-6787,18,18,1-6787,56,3,0,5,7.889398813247681,0.14088212166513717
210,210,210,210,210,210,210,210,210,210,210,210,210,1-7842,13,15,1-7842,21,1,0,2,2.9557595252990723,0.14075045358567012
122,122,122,122,122,122,122,122,122,122,122,122,122,MLG42,20,17,MLG42,14,0,0,2,1.9557595252990723,0.13969710894993373
173,173,173,173,173,173,173,173,173,173,173,173,173,1-9588,6,9,1-9588,14,0,0,2,1.9557595252990723,0.13969710894993373
155,155,155,155,155,155,155,155,155,155,155,155,155,1-9447,12,5,1-9447,7,0,0,1,0.9778797626495361,0.13969710894993373
372,372,372,372,372,372,372,372,372,372,372,372,372,1-6916,8,12,1-6916,43,4,0,2,5.955759525299072,0.13850603547207144
330,330,330,330,330,330,330,330,330,330,330,330,330,1-4531,5,2,1-4531,94,13,0,0,13.0,0.13829787234042554
52,52,52,52,52,52,52,52,52,52,52,52,52,72-12387,13,15,72-12387,71,0,0,10,9.778797626495361,0.13772954403514592
373,373,373,373,373,373,373,373,373,373,373,373,373,1-6918,11,7,1-6918,43,1,0,5,5.889398813247681,0.13696276309878327
310,310,310,310,310,310,310,310,310,310,310,310,310,1-4855,4,1,1-4855,22,3,0,0,3.0,0.13636363636363635
132,132,132,132,132,132,132,132,132,132,132,132,132,1-9110,17,10,1-9110,29,1,0,3,3.9336392879486084,0.1356427340671934
375,375,375,375,375,375,375,375,375,375,375,375,375,MLG14,3,23,MLG14,232,31,0,0,31.0,0.1336206896551724
27,27,27,27,27,27,27,27,27,27,27,27,27,1-18409,2,22,1-18409,22,0,0,3,2.9336392879486084,0.13334724036130038
482,482,482,482,482,482,482,482,482,482,482,482,482,1-4390,5,2,1-4390,45,6,0,0,6.0,0.13333333333333333
260,260,260,260,260,260,260,260,260,260,260,260,260,1-0129,12,5,1-0129,142,9,0,10,18.77879762649536,0.1322450537077138
63,63,63,63,63,63,63,63,63,63,63,63,63,1-7066,3,23,1-7066,23,3,0,0,3.0,0.13043478260869565
37,37,37,37,37,37,37,37,37,37,37,37,37,1-5508,9,16,1-5508,38,2,0,3,4.933639287948608,0.12983261284075284
428,428,428,428,428,428,428,428,428,428,428,428,428,1-2701,19,16,1-2701,61,4,0,4,7.9115190505981445,0.12969703361636303
540,540,540,540,540,540,540,540,540,540,540,540,540,1-5413,3,23,1-5413,39,5,0,0,5.0,0.1282051282051282
10,10,10,10,10,10,10,10,10,10,10,10,10,1-7964,17,10,1-7964,202,12,0,14,25.690316677093506,0.12717978553016587
79,79,79,79,79,79,79,79,79,79,79,79,79,1-9739,6,9,1-9739,31,1,0,3,3.9336392879486084,0.12689158993382607
387,387,387,387,387,387,387,387,387,387,387,387,387,1-10539,20,17,1-10539,63,4,0,4,7.9115190505981445,0.1255796674698118
169,169,169,169,169,169,169,169,169,169,169,169,169,1-9606,2,22,1-9606,16,2,0,0,2.0,0.125
289,289,289,289,289,289,289,289,289,289,289,289,289,1-1592,5,2,1-1592,32,4,0,0,4.0,0.125
557,557,557,557,557,557,557,557,557,557,557,557,557,1-9806,8,12,1-9806,8,1,0,0,1.0,0.125
288,288,288,288,288,288,288,288,288,288,288,288,288,1-8590,4,1,1-8590,24,3,0,0,3.0,0.125
186,186,186,186,186,186,186,186,186,186,186,186,186,72-11994,1,11,72-11994,8,1,0,0,1.0,0.125
150,150,150,150,150,150,150,150,150,150,150,150,150,1-7005,5,2,1-7005,285,35,0,0,35.0,0.12280701754385964
425,425,425,425,425,425,425,425,425,425,425,425,425,1-6006,3,23,1-6006,57,7,0,0,7.0,0.12280701754385964
45,45,45,45,45,45,45,45,45,45,45,45,45,1-9444,16,8,1-9444,24,0,0,3,2.9336392879486084,0.12223497033119202
2,2,2,2,2,2,2,2,2,2,2,2,2,MLG17,13,15,MLG17,153,2,0,17,18.623955965042114,0.12172520238589617
258,258,258,258,258,258,258,258,258,258,258,258,258,1-9516,5,2,1-9516,76,9,0,0,9.0,0.11842105263157894
261,261,261,261,261,261,261,261,261,261,261,261,261,1-1942,5,2,1-1942,34,4,0,0,4.0,0.11764705882352941
223,223,223,223,223,223,223,223,223,223,223,223,223,1-0205,5,2,1-0205,34,4,0,0,4.0,0.11764705882352941
109,109,109,109,109,109,109,109,109,109,109,109,109,1-9768,19,13,1-9768,241,13,0,15,27.668196439743042,0.11480579435578026
324,324,324,324,324,324,324,324,324,324,324,324,324,1-6734,12,5,1-6734,44,3,0,2,4.955759525299072,0.11263089830225165
136,136,136,136,136,136,136,136,136,136,136,136,136,1-9549,7,1,1-9549,18,2,0,0,2.0,0.1111111111111111
134,134,134,134,134,134,134,134,134,134,134,134,134,1-9465,4,1,1-9465,18,2,0,0,2.0,0.1111111111111111
452,452,452,452,452,452,452,452,452,452,452,452,452,1-8529,15,6,1-8529,56,5,0,1,5.977879762649536,0.106747852904456
256,256,256,256,256,256,256,256,256,256,256,256,256,1-9277,5,2,1-9277,48,5,0,0,5.0,0.10416666666666667
96,96,96,96,96,96,96,96,96,96,96,96,96,MLG37,2,22,MLG37,116,8,0,4,11.911519050598145,0.10268550905688055
509,509,509,509,509,509,509,509,509,509,509,509,509,1-18935,4,1,1-18935,30,3,0,0,3.0,0.1
160,160,160,160,160,160,160,160,160,160,160,160,160,1-19813,15,6,1-19813,20,2,0,0,2.0,0.1
40,40,40,40,40,40,40,40,40,40,40,40,40,1-7722,6,9,1-7722,60,4,0,2,5.955759525299072,0.09926265875498454
192,192,192,192,192,192,192,192,192,192,192,192,192,1-9770,19,13,1-9770,50,3,0,2,4.955759525299072,0.09911519050598144
362,362,362,362,362,362,362,362,362,362,362,362,362,1-1462,5,2,1-1462,192,19,0,0,19.0,0.09895833333333333
65,65,65,65,65,65,65,65,65,65,65,65,65,1-8659,4,1,1-8659,91,9,0,0,9.0,0.0989010989010989
41,41,41,41,41,41,41,41,41,41,41,41,41,1-7509,7,19,1-7509,40,2,0,2,3.9557595252990723,0.09889398813247681
493,493,493,493,493,493,493,493,493,493,493,493,493,1-1836,15,6,1-1836,20,1,0,1,1.9778797626495361,0.09889398813247681
553,553,553,553,553,553,553,553,553,553,553,553,553,1-5555,20,17,1-5555,10,0,0,1,0.9778797626495361,0.09778797626495361
245,245,245,245,245,245,245,245,245,245,245,245,245,1-6647,7,19,1-6647,62,2,0,4,5.9115190505981445,0.09534708146126039
506,506,506,506,506,506,506,506,506,506,506,506,506,1-6227,14,22,1-6227,52,3,0,2,4.955759525299072,0.09530306779421292
432,432,432,432,432,432,432,432,432,432,432,432,432,1-6914,10,20,1-6914,73,2,0,5,6.889398813247681,0.09437532620887233
290,290,290,290,290,290,290,290,290,290,290,290,290,1-8341,5,2,1-8341,197,18,0,0,18.0,0.09137055837563451
469,469,469,469,469,469,469,469,469,469,469,469,469,1-8578,11,7,1-8578,11,1,0,0,1.0,0.09090909090909091
11,11,11,11,11,11,11,11,11,11,11,11,11,1-9722,3,23,1-9722,22,2,0,0,2.0,0.09090909090909091
133,133,133,133,133,133,133,133,133,133,133,133,133,1-8576,17,10,1-8576,55,4,0,1,4.977879762649536,0.09050690477544611
286,286,286,286,286,286,286,286,286,286,286,286,286,1-3587,3,23,1-3587,46,4,0,0,4.0,0.08695652173913043
105,105,105,105,105,105,105,105,105,105,105,105,105,1-1258,12,5,1-1258,435,10,0,28,37.38063335418701,0.08593249046939543
320,320,320,320,320,320,320,320,320,320,320,320,320,MLG13,5,2,MLG13,140,12,0,0,12.0,0.08571428571428572
180,180,180,180,180,180,180,180,180,180,180,180,180,1-0037,4,1,1-0037,35,3,0,0,3.0,0.08571428571428572
449,449,449,449,449,449,449,449,449,449,449,449,449,1-1935,3,23,1-1935,12,1,0,0,1.0,0.08333333333333333
436,436,436,436,436,436,436,436,436,436,436,436,436,1-5161,18,23,1-5161,12,1,0,0,1.0,0.08333333333333333
468,468,468,468,468,468,468,468,468,468,468,468,468,1-6228,3,23,1-6228,48,4,0,0,4.0,0.08333333333333333
281,281,281,281,281,281,281,281,281,281,281,281,281,1-9995,13,13,1-9995,24,2,0,0,2.0,0.08333333333333333
502,502,502,502,502,502,502,502,502,502,502,502,502,1-20012,6,9,1-20012,12,0,0,1,0.9778797626495361,0.08148998022079468
282,282,282,282,282,282,282,282,282,282,282,282,282,1-1608,4,1,1-1608,307,24,0,0,24.0,0.0781758957654723
233,233,233,233,233,233,233,233,233,233,233,233,233,MLG07,5,2,MLG07,90,7,0,0,7.0,0.07777777777777778
548,548,548,548,548,548,548,548,548,548,548,548,548,1-3087,3,23,1-3087,26,2,0,0,2.0,0.07692307692307693
239,239,239,239,239,239,239,239,239,239,239,239,239,1-7042,3,23,1-7042,117,9,0,0,9.0,0.07692307692307693
69,69,69,69,69,69,69,69,69,69,69,69,69,1-18498,12,5,1-18498,13,1,0,0,1.0,0.07692307692307693
48,48,48,48,48,48,48,48,48,48,48,48,48,1-0405,11,7,1-0405,64,1,0,4,4.9115190505981445,0.07674248516559601
394,394,394,394,394,394,394,394,394,394,394,394,394,1-2423,3,23,1-2423,79,6,0,0,6.0,0.0759493670886076
314,314,314,314,314,314,314,314,314,314,314,314,314,1-3139,5,2,1-3139,93,7,0,0,7.0,0.07526881720430108
77,77,77,77,77,77,77,77,77,77,77,77,77,1-2153,17,10,1-2153,13,0,0,1,0.9778797626495361,0.07522152020381047
495,495,495,495,495,495,495,495,495,495,495,495,495,MLG08,3,23,MLG08,107,8,0,0,8.0,0.07476635514018691
224,224,224,224,224,224,224,224,224,224,224,224,224,1-9227,5,2,1-9227,801,59,0,0,59.0,0.07365792759051186
466,466,466,466,466,466,466,466,466,466,466,466,466,1-5981,3,23,1-5981,28,2,0,0,2.0,0.07142857142857142
265,265,265,265,265,265,265,265,265,265,265,265,265,1-11330,5,2,1-11330,14,1,0,0,1.0,0.07142857142857142
163,163,163,163,163,163,163,163,163,163,163,163,163,1-9137,17,10,1-9137,111,4,0,4,7.9115190505981445,0.07127494640178508
491,491,491,491,491,491,491,491,491,491,491,491,491,MLG09,18,18,MLG09,125,1,0,8,8.823038101196289,0.07058430480957031
361,361,361,361,361,361,361,361,361,361,361,361,361,1-0008,17,10,1-0008,230,1,0,15,15.668196439743042,0.06812259321627409
433,433,433,433,433,433,433,433,433,433,433,433,433,1-5654,4,1,1-5654,15,1,0,0,1.0,0.06666666666666667
90,90,90,90,90,90,90,90,90,90,90,90,90,1-19222,7,19,1-19222,15,1,0,0,1.0,0.06666666666666667
441,441,441,441,441,441,441,441,441,441,441,441,441,1-19166,5,2,1-19166,45,3,0,0,3.0,0.06666666666666667
28,28,28,28,28,28,28,28,28,28,28,28,28,1-10071,6,9,1-10071,30,1,0,1,1.9778797626495361,0.06592932542165121
418,418,418,418,418,418,418,418,418,418,418,418,418,1-6216,2,22,1-6216,45,1,0,2,2.9557595252990723,0.06568354500664605
185,185,185,185,185,185,185,185,185,185,185,185,185,1-8906,13,15,1-8906,15,0,0,1,0.9778797626495361,0.06519198417663574
257,257,257,257,257,257,257,257,257,257,257,257,257,1-9504,17,10,1-9504,30,0,0,2,1.9557595252990723,0.06519198417663574
326,326,326,326,326,326,326,326,326,326,326,326,326,1-8826,5,2,1-8826,123,8,0,0,8.0,0.06504065040650407
56,56,56,56,56,56,56,56,56,56,56,56,56,1-5877,9,16,1-5877,79,4,0,1,4.977879762649536,0.06301113623607008
230,230,230,230,230,230,230,230,230,230,230,230,230,1-3089,19,13,1-3089,16,0,0,1,0.9778797626495361,0.06111748516559601
345,345,345,345,345,345,345,345,345,345,345,345,345,1-1131,3,23,1-1131,138,8,0,0,8.0,0.057971014492753624
148,148,148,148,148,148,148,148,148,148,148,148,148,1-0001,14,14,1-0001,17,0,0,1,0.9778797626495361,0.057522338979384476
301,301,301,301,301,301,301,301,301,301,301,301,301,1-1177,4,5,1-1177,17,0,0,1,0.9778797626495361,0.057522338979384476
276,276,276,276,276,276,276,276,276,276,276,276,276,1-9495,1,23,1-9495,18,1,0,0,1.0,0.05555555555555555
32,32,32,32,32,32,32,32,32,32,32,32,32,1-0022,11,7,1-0022,18,1,0,0,1.0,0.05555555555555555
312,312,312,312,312,312,312,312,312,312,312,312,312,1-3108,20,17,1-3108,18,1,0,0,1.0,0.05555555555555555
34,34,34,34,34,34,34,34,34,34,34,34,34,1-6642,7,19,1-6642,36,0,0,2,1.9557595252990723,0.054326653480529785
61,61,61,61,61,61,61,61,61,61,61,61,61,1-7341,1,11,1-7341,110,1,0,5,5.889398813247681,0.05353998921134255
44,44,44,44,44,44,44,44,44,44,44,44,44,1-5214,5,2,1-5214,40,2,0,0,2.0,0.05
349,349,349,349,349,349,349,349,349,349,349,349,349,1-3052,5,2,1-3052,166,8,0,0,8.0,0.04819277108433735
54,54,54,54,54,54,54,54,54,54,54,54,54,1-8125,3,23,1-8125,21,1,0,0,1.0,0.047619047619047616
376,376,376,376,376,376,376,376,376,376,376,376,376,1-7874,5,2,1-7874,258,12,0,0,12.0,0.046511627906976744
42,42,42,42,42,42,42,42,42,42,42,42,42,1-1207,5,2,1-1207,66,3,0,0,3.0,0.045454545454545456
377,377,377,377,377,377,377,377,377,377,377,377,377,1-7213,14,13,1-7213,23,0,0,1,0.9778797626495361,0.04251651141954505
83,83,83,83,83,83,83,83,83,83,83,83,83,1-18423,2,22,1-18423,47,1,0,1,1.9778797626495361,0.04208254814147949
225,225,225,225,225,225,225,225,225,225,225,225,225,1-9650,3,23,1-9650,25,1,0,0,1.0,0.04
59,59,59,59,59,59,59,59,59,59,59,59,59,1-9331,15,6,1-9331,25,0,0,1,0.9778797626495361,0.039115190505981445
53,53,53,53,53,53,53,53,53,53,53,53,53,1-9850,5,2,1-9850,27,1,0,0,1.0,0.037037037037037035
447,447,447,447,447,447,447,447,447,447,447,447,447,1-7152,4,1,1-7152,109,4,0,0,4.0,0.03669724770642202
226,226,226,226,226,226,226,226,226,226,226,226,226,1-9996,3,23,1-9996,28,1,0,0,1.0,0.03571428571428571
76,76,76,76,76,76,76,76,76,76,76,76,76,1-8541,3,23,1-8541,232,8,0,0,8.0,0.034482758620689655
78,78,78,78,78,78,78,78,78,78,78,78,78,1-4088,14,14,1-4088,30,0,0,1,0.9778797626495361,0.03259599208831787
137,137,137,137,137,137,137,137,137,137,137,137,137,1-1972,8,12,1-1972,32,0,0,1,0.9778797626495361,0.030558742582798004
195,195,195,195,195,195,195,195,195,195,195,195,195,1-2670,3,23,1-2670,104,3,0,0,3.0,0.028846153846153848
227,227,227,227,227,227,227,227,227,227,227,227,227,1-3068,4,1,1-3068,180,4,0,0,4.0,0.022222222222222223
111,111,111,111,111,111,111,111,111,111,111,111,111,1-19897,2,22,1-19897,53,0,0,1,0.9778797626495361,0.018450561559425212
16,16,16,16,16,16,16,16,16,16,16,16,16,1-9955,14,14,1-9955,60,1,0,0,1.0,0.016666666666666666
36,36,36,36,36,36,36,36,36,36,36,36,36,1-2714,4,1,1-2714,61,1,0,0,1.0,0.01639344262295082
47,47,47,47,47,47,47,47,47,47,47,47,47,1-19547,4,1,1-19547,66,1,0,0,1.0,0.015151515151515152
431,431,431,431,431,431,431,431,431,431,431,431,431,1-7614,5,2,1-7614,72,1,0,0,1.0,0.013888888888888888
196,196,196,196,196,196,196,196,196,196,196,196,196,1-9646,15,6,1-9646,105,1,0,0,1.0,0.009523809523809525
264,264,264,264,264,264,264,264,264,264,264,264,264,P-0009,3,23,P-0009,7,0,0,0,0.0,0.0
323,323,323,323,323,323,323,323,323,323,323,323,323,1-3647,12,5,1-3647,5,0,0,0,0.0,0.0
9,9,9,9,9,9,9,9,9,9,9,9,9,1-8020,15,6,1-8020,56,0,0,0,0.0,0.0
280,280,280,280,280,280,280,280,280,280,280,280,280,1-7608,14,14,1-7608,4,0,0,0,0.0,0.0
334,334,334,334,334,334,334,334,334,334,334,334,334,1-20641,4,1,1-20641,16,0,0,0,0.0,0.0
107,107,107,107,107,107,107,107,107,107,107,107,107,1-6971,9,16,1-6971,10,0,0,0,0.0,0.0
555,555,555,555,555,555,555,555,555,555,555,555,555,1-3646,3,23,1-3646,7,0,0,0,0.0,0.0
55,55,55,55,55,55,55,55,55,55,55,55,55,1-8095,4,1,1-8095,46,0,0,0,0.0,0.0
269,269,269,269,269,269,269,269,269,269,269,269,269,1-7839,3,23,1-7839,24,0,0,0,0.0,0.0
15,15,15,15,15,15,15,15,15,15,15,15,15,1-8093,10,20,1-8093,4,0,0,0,0.0,0.0
325,325,325,325,325,325,325,325,325,325,325,325,325,1-19924,16,8,1-19924,1,0,0,0,0.0,0.0
229,229,229,229,229,229,229,229,229,229,229,229,229,1-4361,17,10,1-4361,10,0,0,0,0.0,0.0
112,112,112,112,112,112,112,112,112,112,112,112,112,1-10698,8,12,1-10698,6,0,0,0,0.0,0.0
49,49,49,49,49,49,49,49,49,49,49,49,49,1-2178,15,6,1-2178,12,0,0,0,0.0,0.0
541,541,541,541,541,541,541,541,541,541,541,541,541,1-5424,5,2,1-5424,5,0,0,0,0.0,0.0
18,18,18,18,18,18,18,18,18,18,18,18,18,1-3521,9,16,1-3521,22,0,0,0,0.0,0.0
235,235,235,235,235,235,235,235,235,235,235,235,235,1-8113,5,2,1-8113,9,0,0,0,0.0,0.0
120,120,120,120,120,120,120,120,120,120,120,120,120,1-10232,15,6,1-10232,5,0,0,0,0.0,0.0
215,215,215,215,215,215,215,215,215,215,215,215,215,1-19839,1,11,1-19839,13,0,0,0,0.0,0.0
275,275,275,275,275,275,275,275,275,275,275,275,275,1-3216,7,19,1-3216,5,0,0,0,0.0,0.0
17,17,17,17,17,17,17,17,17,17,17,17,17,1-18603,16,8,1-18603,19,0,0,0,0.0,0.0
50,50,50,50,50,50,50,50,50,50,50,50,50,1-8174,8,12,1-8174,45,0,0,0,0.0,0.0
26,26,26,26,26,26,26,26,26,26,26,26,26,1-9907,1,11,1-9907,17,0,0,0,0.0,0.0
70,70,70,70,70,70,70,70,70,70,70,70,70,1-2584,7,19,1-2584,36,0,0,0,0.0,0.0
29,29,29,29,29,29,29,29,29,29,29,29,29,1-18735,2,22,1-18735,27,0,0,0,0.0,0.0
82,82,82,82,82,82,82,82,82,82,82,82,82,1-17645,5,2,1-17645,9,0,0,0,0.0,0.0
21,21,21,21,21,21,21,21,21,21,21,21,21,1-3519,15,6,1-3519,27,0,0,0,0.0,0.0
317,317,317,317,317,317,317,317,317,317,317,317,317,1-10978,15,6,1-10978,1,0,0,0,0.0,0.0
116,116,116,116,116,116,116,116,116,116,116,116,116,1-20047,3,23,1-20047,20,0,0,0,0.0,0.0
530,530,530,530,530,530,530,530,530,530,530,530,530,1-4847,6,1,1-4847,2,0,0,0,0.0,0.0
181,181,181,181,181,181,181,181,181,181,181,181,181,1-8641,18,18,1-8641,30,0,0,0,0.0,0.0
523,523,523,523,523,523,523,523,523,523,523,523,523,1-9861,17,10,1-9861,8,0,0,0,0.0,0.0
249,249,249,249,249,249,249,249,249,249,249,249,249,1-6931,16,8,1-6931,1,0,0,0,0.0,0.0
212,212,212,212,212,212,212,212,212,212,212,212,212,1-10922,4,1,1-10922,1,0,0,0,0.0,0.0
194,194,194,194,194,194,194,194,194,194,194,194,194,1-9253,15,6,1-9253,24,0,0,0,0.0,0.0
262,262,262,262,262,262,262,262,262,262,262,262,262,1-8623,7,19,1-8623,5,0,0,0,0.0,0.0
508,508,508,508,508,508,508,508,508,508,508,508,508,1-8532,3,23,1-8532,4,0,0,0,0.0,0.0
158,158,158,158,158,158,158,158,158,158,158,158,158,1-7599,18,18,1-7599,3,0,0,0,0.0,0.0
135,135,135,135,135,135,135,135,135,135,135,135,135,1-9712,7,19,1-9712,10,0,0,0,0.0,0.0
147,147,147,147,147,147,147,147,147,147,147,147,147,1-17657,2,22,1-17657,8,0,0,0,0.0,0.0
277,277,277,277,277,277,277,277,277,277,277,277,277,1-4051,18,1,1-4051,5,0,0,0,0.0,0.0
35,35,35,35,35,35,35,35,35,35,35,35,35,1-2869,5,2,1-2869,9,0,0,0,0.0,0.0
100,100,100,100,100,100,100,100,100,100,100,100,100,1-19598,14,14,1-19598,11,0,0,0,0.0,0.0
38,38,38,38,38,38,38,38,38,38,38,38,38,1-2104,1,11,1-2104,36,0,0,0,0.0,0.0
211,211,211,211,211,211,211,211,211,211,211,211,211,1-5406,17,10,1-5406,10,0,0,0,0.0,0.0
252,252,252,252,252,252,252,252,252,252,252,252,252,1-21195,15,6,1-21195,1,0,0,0,0.0,0.0
477,477,477,477,477,477,477,477,477,477,477,477,477,1-9055,4,1,1-9055,12,0,0,0,0.0,0.0
549,549,549,549,549,549,549,549,549,549,549,549,549,1-4842,1,11,1-4842,6,0,0,0,0.0,0.0
374,374,374,374,374,374,374,374,374,374,374,374,374,1-6919,4,1,1-6919,43,0,0,0,0.0,0.0
456,456,456,456,456,456,456,456,456,456,456,456,456,1-8186,19,13,1-8186,26,0,0,0,0.0,0.0
175,175,175,175,175,175,175,175,175,175,175,175,175,1-4910,17,10,1-4910,4,0,0,0,0.0,0.0
23,23,23,23,23,23,23,23,23,23,23,23,23,1-2025,12,5,1-2025,41,0,0,0,0.0,0.0
204,204,204,204,204,204,204,204,204,204,204,204,204,1-9733,7,19,1-9733,4,0,0,0,0.0,0.0
142,142,142,142,142,142,142,142,142,142,142,142,142,P-16454,4,1,P-16454,8,0,0,0,0.0,0.0
6,6,6,6,6,6,6,6,6,6,6,6,6,1-8021,14,14,1-8021,58,0,0,0,0.0,0.0
156,156,156,156,156,156,156,156,156,156,156,156,156,1-8634,10,20,1-8634,10,0,0,0,0.0,0.0
297,297,297,297,297,297,297,297,297,297,297,297,297,1-8352,8,12,1-8352,1,0,0,0,0.0,0.0
177,177,177,177,177,177,177,177,177,177,177,177,177,1-10948,16,8,1-10948,2,0,0,0,0.0,0.0
7,7,7,7,7,7,7,7,7,7,7,7,7,1-8767,6,22,1-8767,48,0,0,0,0.0,0.0
110,110,110,110,110,110,110,110,110,110,110,110,110,72-18936,5,2,72-18936,20,0,0,0,0.0,0.0
81,81,81,81,81,81,81,81,81,81,81,81,81,1-7770,20,17,1-7770,11,0,0,0,0.0,0.0
519,519,519,519,519,519,519,519,519,519,519,519,519,1-4926,16,8,1-4926,4,0,0,0,0.0,0.0
565,565,565,565,565,565,565,565,565,565,565,565,565,1-19927,15,6,1-19927,1,0,0,0,0.0,0.0
556,556,556,556,556,556,556,556,556,556,556,556,556,1-10951,13,15,1-10951,1,0,0,0,0.0,0.0
559,559,559,559,559,559,559,559,559,559,559,559,559,1-5914,9,1,1-5914,3,0,0,0,0.0,0.0
165,165,165,165,165,165,165,165,165,165,165,165,165,1-7721,7,19,1-7721,20,0,0,0,0.0,0.0
563,563,563,563,563,563,563,563,563,563,563,563,563,1-21192,1,19,1-21192,4,0,0,0,0.0,0.0
546,546,546,546,546,546,546,546,546,546,546,546,546,1-7527,9,16,1-7527,1,0,0,0,0.0,0.0
115,115,115,115,115,115,115,115,115,115,115,115,115,1-3178,16,8,1-3178,6,0,0,0,0.0,0.0
242,242,242,242,242,242,242,242,242,242,242,242,242,1-20791,10,20,1-20791,13,0,0,0,0.0,0.0
492,492,492,492,492,492,492,492,492,492,492,492,492,1-6028,10,8,1-6028,2,0,0,0,0.0,0.0
0,0,0,0,0,0,0,0,0,0,0,0,0,72-0103,4,1,72-0103,71,0,0,0,0.0,0.0
254,254,254,254,254,254,254,254,254,254,254,254,254,1-8379,5,2,1-8379,5,0,0,0,0.0,0.0
341,341,341,341,341,341,341,341,341,341,341,341,341,1-0031,2,22,1-0031,13,0,0,0,0.0,0.0
307,307,307,307,307,307,307,307,307,307,307,307,307,1-5530,5,2,1-5530,7,0,0,0,0.0,0.0
247,247,247,247,247,247,247,247,247,247,247,247,247,1-20467,7,5,1-20467,13,0,0,0,0.0,0.0
20,20,20,20,20,20,20,20,20,20,20,20,20,1-5167,10,20,1-5167,24,0,0,0,0.0,0.0
